Method: GCL
Parameters: horizon=20, num_traj=1000
N_steps=1000, iterations=1000
Q=0.001, P=0.01

Total time: 789.81 seconds (0.22 hours)
Average time per iteration: 0.7898 seconds
Average reward (all iterations): 1076.79
Final reward (last 100 iterations): 1076.79
Time per step (avg): 0.0008 seconds

Iteration-by-iteration data:
1,0.7564,1076.79
2,0.7652,1076.79
3,0.7671,1076.79
4,0.7612,1076.79
5,0.7660,1076.79
6,0.7710,1076.79
7,0.7684,1076.79
8,0.7689,1076.79
9,0.7690,1076.79
10,0.7714,1076.79
11,0.7673,1076.79
12,0.7659,1076.79
13,0.7724,1076.79
14,0.7740,1076.79
15,0.7724,1076.79
16,0.9790,1076.79
17,0.7689,1076.79
18,0.7756,1076.79
19,0.7746,1076.79
20,0.7743,1076.79
21,0.7714,1076.79
22,0.7689,1076.79
23,0.7718,1076.79
24,0.7725,1076.79
25,0.7679,1076.79
26,0.7757,1076.79
27,0.7751,1076.79
28,0.7652,1076.79
29,0.7805,1076.79
30,0.7705,1076.79
31,0.7690,1076.79
32,0.7785,1076.79
33,0.7657,1076.79
34,0.7746,1076.79
35,0.7740,1076.79
36,0.7720,1076.79
37,0.7696,1076.79
38,0.7691,1076.79
39,0.7770,1076.79
40,0.7741,1076.79
41,0.7695,1076.79
42,0.7694,1076.79
43,0.7708,1076.79
44,0.7712,1076.79
45,0.7692,1076.79
46,0.7705,1076.79
47,1.0096,1076.79
48,0.7736,1076.79
49,0.7695,1076.79
50,0.7728,1076.79
51,0.7738,1076.79
52,0.7677,1076.79
53,0.7817,1076.79
54,0.7721,1076.79
55,0.7694,1076.79
56,0.7721,1076.79
57,0.7681,1076.79
58,0.7725,1076.79
59,0.7728,1076.79
60,0.7743,1076.79
61,0.7710,1076.79
62,0.7665,1076.79
63,0.7682,1076.79
64,0.7727,1076.79
65,0.7690,1076.79
66,0.7799,1076.79
67,0.7702,1076.79
68,0.7720,1076.79
69,0.7697,1076.79
70,0.7701,1076.79
71,0.7731,1076.79
72,0.7706,1076.79
73,0.7719,1076.79
74,0.7751,1076.79
75,0.7731,1076.79
76,0.7678,1076.79
77,0.7734,1076.79
78,0.7712,1076.79
79,1.0063,1076.79
80,0.7749,1076.79
81,0.7670,1076.79
82,0.7752,1076.79
83,0.7743,1076.79
84,0.7704,1076.79
85,0.7683,1076.79
86,0.7670,1076.79
87,0.7719,1076.79
88,0.7733,1076.79
89,0.7726,1076.79
90,0.7752,1076.79
91,0.7686,1076.79
92,0.7703,1076.79
93,0.7702,1076.79
94,0.7682,1076.79
95,0.7711,1076.79
96,0.7723,1076.79
97,0.7715,1076.79
98,0.7704,1076.79
99,0.7745,1076.79
100,0.7826,1076.79
101,0.7680,1076.79
102,0.7697,1076.79
103,0.7698,1076.79
104,0.7731,1076.79
105,0.7719,1076.79
106,0.7715,1076.79
107,0.7695,1076.79
108,0.7690,1076.79
109,0.7761,1076.79
110,0.7689,1076.79
111,0.9963,1076.79
112,0.7716,1076.79
113,0.7702,1076.79
114,0.7746,1076.79
115,0.7726,1076.79
116,0.7812,1076.79
117,0.7904,1076.79
118,0.7891,1076.79
119,0.7882,1076.79
120,0.7832,1076.79
121,0.7748,1076.79
122,0.7730,1076.79
123,0.7722,1076.79
124,0.7734,1076.79
125,0.7724,1076.79
126,0.7759,1076.79
127,0.7775,1076.79
128,0.7673,1076.79
129,0.7734,1076.79
130,0.7728,1076.79
131,0.7733,1076.79
132,0.7703,1076.79
133,0.7713,1076.79
134,0.7716,1076.79
135,0.7716,1076.79
136,0.7718,1076.79
137,0.7729,1076.79
138,0.7745,1076.79
139,0.7708,1076.79
140,0.7706,1076.79
141,0.7699,1076.79
142,0.7710,1076.79
143,0.7719,1076.79
144,0.7702,1076.79
145,0.7714,1076.79
146,1.0369,1076.79
147,0.7697,1076.79
148,0.7762,1076.79
149,0.7714,1076.79
150,0.7781,1076.79
151,0.7758,1076.79
152,0.7692,1076.79
153,0.7765,1076.79
154,0.7755,1076.79
155,0.7770,1076.79
156,0.7862,1076.79
157,0.7776,1076.79
158,0.7759,1076.79
159,0.7768,1076.79
160,0.7749,1076.79
161,0.7784,1076.79
162,0.7712,1076.79
163,0.7780,1076.79
164,0.7747,1076.79
165,0.7718,1076.79
166,0.7713,1076.79
167,0.7706,1076.79
168,0.7694,1076.79
169,0.7746,1076.79
170,0.7782,1076.79
171,0.7728,1076.79
172,0.7840,1076.79
173,0.7689,1076.79
174,0.7735,1076.79
175,0.7780,1076.79
176,0.7727,1076.79
177,0.7738,1076.79
178,0.7723,1076.79
179,0.7720,1076.79
180,0.7820,1076.79
181,0.7705,1076.79
182,0.7710,1076.79
183,1.0284,1076.79
184,0.7714,1076.79
185,0.7729,1076.79
186,0.7767,1076.79
187,0.7741,1076.79
188,0.7686,1076.79
189,0.7767,1076.79
190,0.7776,1076.79
191,0.7725,1076.79
192,0.7725,1076.79
193,0.7706,1076.79
194,0.7725,1076.79
195,0.7770,1076.79
196,0.7692,1076.79
197,0.7717,1076.79
198,0.7745,1076.79
199,0.7754,1076.79
200,0.7778,1076.79
201,0.7769,1076.79
202,0.7734,1076.79
203,0.7744,1076.79
204,0.7701,1076.79
205,0.7707,1076.79
206,0.7727,1076.79
207,0.7695,1076.79
208,0.7730,1076.79
209,0.7728,1076.79
210,0.7702,1076.79
211,0.7708,1076.79
212,0.7723,1076.79
213,0.7752,1076.79
214,0.7749,1076.79
215,0.7706,1076.79
216,0.7755,1076.79
217,0.7754,1076.79
218,0.7733,1076.79
219,0.7792,1076.79
220,0.7703,1076.79
221,1.0768,1076.79
222,0.7716,1076.79
223,0.7772,1076.79
224,0.7764,1076.79
225,0.7730,1076.79
226,0.7732,1076.79
227,0.7730,1076.79
228,0.7801,1076.79
229,0.7766,1076.79
230,0.7734,1076.79
231,0.7732,1076.79
232,0.7735,1076.79
233,0.7731,1076.79
234,0.7764,1076.79
235,0.7746,1076.79
236,0.7835,1076.79
237,0.7825,1076.79
238,0.7757,1076.79
239,0.7695,1076.79
240,0.7729,1076.79
241,0.7724,1076.79
242,0.7743,1076.79
243,0.7762,1076.79
244,0.7781,1076.79
245,0.7823,1076.79
246,0.7779,1076.79
247,0.7733,1076.79
248,0.7735,1076.79
249,0.7718,1076.79
250,0.7805,1076.79
251,0.7769,1076.79
252,0.7820,1076.79
253,0.7813,1076.79
254,0.7697,1076.79
255,0.7750,1076.79
256,0.7730,1076.79
257,0.7712,1076.79
258,0.7751,1076.79
259,0.7757,1076.79
260,1.0911,1076.79
261,0.7772,1076.79
262,0.7729,1076.79
263,0.7780,1076.79
264,0.7751,1076.79
265,0.7753,1076.79
266,0.7776,1076.79
267,0.7733,1076.79
268,0.7711,1076.79
269,0.7790,1076.79
270,0.7736,1076.79
271,0.7760,1076.79
272,0.7805,1076.79
273,0.7718,1076.79
274,0.7752,1076.79
275,0.7711,1076.79
276,0.7743,1076.79
277,0.7772,1076.79
278,0.7703,1076.79
279,0.7785,1076.79
280,0.7766,1076.79
281,0.7721,1076.79
282,0.7778,1076.79
283,0.7729,1076.79
284,0.7732,1076.79
285,0.7712,1076.79
286,0.7713,1076.79
287,0.7755,1076.79
288,0.7742,1076.79
289,0.7742,1076.79
290,0.7729,1076.79
291,0.7768,1076.79
292,0.7717,1076.79
293,0.7736,1076.79
294,0.7729,1076.79
295,0.7767,1076.79
296,0.7753,1076.79
297,0.7808,1076.79
298,0.7781,1076.79
299,0.7771,1076.79
300,0.7784,1076.79
301,0.7830,1076.79
302,0.7763,1076.79
303,1.0981,1076.79
304,0.7723,1076.79
305,0.7771,1076.79
306,0.7762,1076.79
307,0.7732,1076.79
308,0.7829,1076.79
309,0.7746,1076.79
310,0.7760,1076.79
311,0.7785,1076.79
312,0.7736,1076.79
313,0.7772,1076.79
314,0.7741,1076.79
315,0.7772,1076.79
316,0.7837,1076.79
317,0.7785,1076.79
318,0.7816,1076.79
319,0.7773,1076.79
320,0.7776,1076.79
321,0.7728,1076.79
322,0.7767,1076.79
323,0.7747,1076.79
324,0.7795,1076.79
325,0.7782,1076.79
326,0.7720,1076.79
327,0.7777,1076.79
328,0.7761,1076.79
329,0.7772,1076.79
330,0.7783,1076.79
331,0.7707,1076.79
332,0.7754,1076.79
333,0.7811,1076.79
334,0.7789,1076.79
335,0.7791,1076.79
336,0.7765,1076.79
337,0.7729,1076.79
338,0.7791,1076.79
339,0.7727,1076.79
340,0.7769,1076.79
341,0.7724,1076.79
342,0.7755,1076.79
343,0.7754,1076.79
344,0.7773,1076.79
345,0.7767,1076.79
346,0.7806,1076.79
347,1.1294,1076.79
348,0.7801,1076.79
349,0.7773,1076.79
350,0.7783,1076.79
351,0.7803,1076.79
352,0.7755,1076.79
353,0.7784,1076.79
354,0.7754,1076.79
355,0.7779,1076.79
356,0.7785,1076.79
357,0.7739,1076.79
358,0.7780,1076.79
359,0.7757,1076.79
360,0.7728,1076.79
361,0.7796,1076.79
362,0.7788,1076.79
363,0.7788,1076.79
364,0.7802,1076.79
365,0.7791,1076.79
366,0.7744,1076.79
367,0.7786,1076.79
368,0.7777,1076.79
369,0.7865,1076.79
370,0.7720,1076.79
371,0.7786,1076.79
372,0.7752,1076.79
373,0.7725,1076.79
374,0.7817,1076.79
375,0.7758,1076.79
376,0.7775,1076.79
377,0.7765,1076.79
378,0.7756,1076.79
379,0.7763,1076.79
380,0.7736,1076.79
381,0.7841,1076.79
382,0.7837,1076.79
383,0.7773,1076.79
384,0.7791,1076.79
385,0.7764,1076.79
386,0.7809,1076.79
387,0.7791,1076.79
388,0.7842,1076.79
389,0.7773,1076.79
390,0.7812,1076.79
391,0.7777,1076.79
392,1.1286,1076.79
393,0.7807,1076.79
394,0.7836,1076.79
395,0.7822,1076.79
396,0.7767,1076.79
397,0.7766,1076.79
398,0.7792,1076.79
399,0.7767,1076.79
400,0.7795,1076.79
401,0.7775,1076.79
402,0.7761,1076.79
403,0.7777,1076.79
404,0.7807,1076.79
405,0.7768,1076.79
406,0.7824,1076.79
407,0.7777,1076.79
408,0.7729,1076.79
409,0.7815,1076.79
410,0.7800,1076.79
411,0.7825,1076.79
412,0.7763,1076.79
413,0.7739,1076.79
414,0.7813,1076.79
415,0.7799,1076.79
416,0.7797,1076.79
417,0.7797,1076.79
418,0.7747,1076.79
419,0.7763,1076.79
420,0.7797,1076.79
421,0.7789,1076.79
422,0.7805,1076.79
423,0.7768,1076.79
424,0.7799,1076.79
425,0.7772,1076.79
426,0.7799,1076.79
427,0.7783,1076.79
428,0.7765,1076.79
429,0.7770,1076.79
430,0.7831,1076.79
431,0.7790,1076.79
432,0.7773,1076.79
433,0.7804,1076.79
434,0.7792,1076.79
435,0.7828,1076.79
436,0.7795,1076.79
437,0.7739,1076.79
438,0.7796,1076.79
439,0.7767,1076.79
440,0.7769,1076.79
441,1.1848,1076.79
442,0.7780,1076.79
443,0.7800,1076.79
444,0.7786,1076.79
445,0.7859,1076.79
446,0.7779,1076.79
447,0.7779,1076.79
448,0.7791,1076.79
449,0.7776,1076.79
450,0.7896,1076.79
451,0.7900,1076.79
452,0.7750,1076.79
453,0.7894,1076.79
454,0.7800,1076.79
455,0.7762,1076.79
456,0.7723,1076.79
457,0.7861,1076.79
458,0.7781,1076.79
459,0.7757,1076.79
460,0.7771,1076.79
461,0.7791,1076.79
462,0.7810,1076.79
463,0.7811,1076.79
464,0.7823,1076.79
465,0.7766,1076.79
466,0.7819,1076.79
467,0.7778,1076.79
468,0.7814,1076.79
469,0.7870,1076.79
470,0.7828,1076.79
471,0.7813,1076.79
472,0.7809,1076.79
473,0.7766,1076.79
474,0.7813,1076.79
475,0.7811,1076.79
476,0.7776,1076.79
477,0.7806,1076.79
478,0.7775,1076.79
479,0.7777,1076.79
480,0.7763,1076.79
481,0.7801,1076.79
482,0.7800,1076.79
483,0.7806,1076.79
484,0.7786,1076.79
485,0.7785,1076.79
486,0.7787,1076.79
487,0.7794,1076.79
488,0.7775,1076.79
489,0.7790,1076.79
490,0.7773,1076.79
491,1.2187,1076.79
492,0.7820,1076.79
493,0.7844,1076.79
494,0.7816,1076.79
495,0.7787,1076.79
496,0.7814,1076.79
497,0.7812,1076.79
498,0.7844,1076.79
499,0.7799,1076.79
500,0.7836,1076.79
501,0.7828,1076.79
502,0.7745,1076.79
503,0.7814,1076.79
504,0.7823,1076.79
505,0.7807,1076.79
506,0.7804,1076.79
507,0.7758,1076.79
508,0.7829,1076.79
509,0.7780,1076.79
510,0.7782,1076.79
511,0.7782,1076.79
512,0.7773,1076.79
513,0.7798,1076.79
514,0.7774,1076.79
515,0.7762,1076.79
516,0.7806,1076.79
517,0.7804,1076.79
518,0.7798,1076.79
519,0.7765,1076.79
520,0.7817,1076.79
521,0.7790,1076.79
522,0.7832,1076.79
523,0.7753,1076.79
524,0.7793,1076.79
525,0.7800,1076.79
526,0.7809,1076.79
527,0.7862,1076.79
528,0.7792,1076.79
529,0.7819,1076.79
530,0.7771,1076.79
531,0.7786,1076.79
532,0.7826,1076.79
533,0.7884,1076.79
534,0.7840,1076.79
535,0.7817,1076.79
536,0.7741,1076.79
537,0.7820,1076.79
538,0.7799,1076.79
539,0.7852,1076.79
540,0.7836,1076.79
541,0.7767,1076.79
542,0.7791,1076.79
543,1.2424,1076.79
544,0.7805,1076.79
545,0.7788,1076.79
546,0.7781,1076.79
547,0.7818,1076.79
548,0.7845,1076.79
549,0.7825,1076.79
550,0.7783,1076.79
551,0.7782,1076.79
552,0.7772,1076.79
553,0.7820,1076.79
554,0.7839,1076.79
555,0.7828,1076.79
556,0.7810,1076.79
557,0.7768,1076.79
558,0.7825,1076.79
559,0.7790,1076.79
560,0.7821,1076.79
561,0.7795,1076.79
562,0.7821,1076.79
563,0.7825,1076.79
564,0.7776,1076.79
565,0.7803,1076.79
566,0.7829,1076.79
567,0.7792,1076.79
568,0.7807,1076.79
569,0.7785,1076.79
570,0.7778,1076.79
571,0.7835,1076.79
572,0.7810,1076.79
573,0.7816,1076.79
574,0.7807,1076.79
575,0.7822,1076.79
576,0.7820,1076.79
577,0.7839,1076.79
578,0.7808,1076.79
579,0.7786,1076.79
580,0.7802,1076.79
581,0.7780,1076.79
582,0.7800,1076.79
583,0.7772,1076.79
584,0.7804,1076.79
585,0.7846,1076.79
586,0.7803,1076.79
587,0.7807,1076.79
588,0.7774,1076.79
589,0.7795,1076.79
590,0.7824,1076.79
591,0.7796,1076.79
592,0.7835,1076.79
593,0.7811,1076.79
594,0.7806,1076.79
595,0.7820,1076.79
596,0.7831,1076.79
597,0.7827,1076.79
598,0.7864,1076.79
599,1.2396,1076.79
600,0.7905,1076.79
601,0.7837,1076.79
602,0.7834,1076.79
603,0.7813,1076.79
604,0.7845,1076.79
605,0.7885,1076.79
606,0.7816,1076.79
607,0.7846,1076.79
608,0.7827,1076.79
609,0.7790,1076.79
610,0.7909,1076.79
611,0.7817,1076.79
612,0.7841,1076.79
613,0.7803,1076.79
614,0.7784,1076.79
615,0.7856,1076.79
616,0.7811,1076.79
617,0.7811,1076.79
618,0.7806,1076.79
619,0.7826,1076.79
620,0.7817,1076.79
621,0.7828,1076.79
622,0.7772,1076.79
623,0.7775,1076.79
624,0.7862,1076.79
625,0.7833,1076.79
626,0.7809,1076.79
627,0.7868,1076.79
628,0.7819,1076.79
629,0.7834,1076.79
630,0.7783,1076.79
631,0.7840,1076.79
632,0.7838,1076.79
633,0.7805,1076.79
634,0.7825,1076.79
635,0.7791,1076.79
636,0.7889,1076.79
637,0.7839,1076.79
638,0.7805,1076.79
639,0.7823,1076.79
640,0.7834,1076.79
641,0.7827,1076.79
642,0.7862,1076.79
643,0.7768,1076.79
644,0.8081,1076.79
645,0.7899,1076.79
646,0.7852,1076.79
647,0.7865,1076.79
648,0.7839,1076.79
649,0.7797,1076.79
650,0.7811,1076.79
651,0.7831,1076.79
652,0.7799,1076.79
653,0.7823,1076.79
654,0.7830,1076.79
655,0.7889,1076.79
656,0.7862,1076.79
657,1.3081,1076.79
658,0.7842,1076.79
659,0.7844,1076.79
660,0.7826,1076.79
661,0.7788,1076.79
662,0.7850,1076.79
663,0.7872,1076.79
664,0.7834,1076.79
665,0.7845,1076.79
666,0.7832,1076.79
667,0.7871,1076.79
668,0.7839,1076.79
669,0.7840,1076.79
670,0.7871,1076.79
671,0.7852,1076.79
672,0.7854,1076.79
673,0.7833,1076.79
674,0.7780,1076.79
675,0.7833,1076.79
676,0.7797,1076.79
677,0.7835,1076.79
678,0.7818,1076.79
679,0.7785,1076.79
680,0.7893,1076.79
681,0.7887,1076.79
682,0.7817,1076.79
683,0.7809,1076.79
684,0.7941,1076.79
685,0.7865,1076.79
686,0.7877,1076.79
687,0.7833,1076.79
688,0.7870,1076.79
689,0.7881,1076.79
690,0.7821,1076.79
691,0.7846,1076.79
692,0.7841,1076.79
693,0.7865,1076.79
694,0.7894,1076.79
695,0.7813,1076.79
696,0.7877,1076.79
697,0.7813,1076.79
698,0.7859,1076.79
699,0.7849,1076.79
700,0.7805,1076.79
701,0.7843,1076.79
702,0.7838,1076.79
703,0.7804,1076.79
704,0.7884,1076.79
705,0.7872,1076.79
706,0.7847,1076.79
707,0.7873,1076.79
708,0.7840,1076.79
709,0.7881,1076.79
710,0.7871,1076.79
711,0.7833,1076.79
712,0.7829,1076.79
713,0.7828,1076.79
714,0.7806,1076.79
715,0.7837,1076.79
716,0.7832,1076.79
717,1.3422,1076.79
718,0.7852,1076.79
719,0.7887,1076.79
720,0.7851,1076.79
721,0.7839,1076.79
722,0.7827,1076.79
723,0.7850,1076.79
724,0.7856,1076.79
725,0.7859,1076.79
726,0.7884,1076.79
727,0.7882,1076.79
728,0.7878,1076.79
729,0.7823,1076.79
730,0.7833,1076.79
731,0.7836,1076.79
732,0.7854,1076.79
733,0.7850,1076.79
734,0.7844,1076.79
735,0.7823,1076.79
736,0.7832,1076.79
737,0.7856,1076.79
738,0.7915,1076.79
739,0.7893,1076.79
740,0.7884,1076.79
741,0.7897,1076.79
742,0.7882,1076.79
743,0.7887,1076.79
744,0.7856,1076.79
745,0.7866,1076.79
746,0.7908,1076.79
747,0.7898,1076.79
748,0.7921,1076.79
749,0.7874,1076.79
750,0.7887,1076.79
751,0.7924,1076.79
752,0.7872,1076.79
753,0.7905,1076.79
754,0.7830,1076.79
755,0.7954,1076.79
756,0.7927,1076.79
757,0.7858,1076.79
758,0.7868,1076.79
759,0.7914,1076.79
760,0.7929,1076.79
761,0.7887,1076.79
762,0.7870,1076.79
763,0.7945,1076.79
764,0.7932,1076.79
765,0.7900,1076.79
766,0.7884,1076.79
767,0.7942,1076.79
768,0.7903,1076.79
769,0.7909,1076.79
770,0.7847,1076.79
771,0.7849,1076.79
772,0.7898,1076.79
773,0.7858,1076.79
774,0.7896,1076.79
775,0.7896,1076.79
776,0.7898,1076.79
777,0.7882,1076.79
778,0.7862,1076.79
779,1.3776,1076.79
780,0.7896,1076.79
781,0.7903,1076.79
782,0.7880,1076.79
783,0.7909,1076.79
784,0.7939,1076.79
785,0.7878,1076.79
786,0.7921,1076.79
787,0.7869,1076.79
788,0.7902,1076.79
789,0.7933,1076.79
790,0.7926,1076.79
791,0.7920,1076.79
792,0.7890,1076.79
793,0.7871,1076.79
794,0.7907,1076.79
795,0.7877,1076.79
796,0.7894,1076.79
797,0.7864,1076.79
798,0.7933,1076.79
799,0.7911,1076.79
800,0.7948,1076.79
801,0.7864,1076.79
802,0.7882,1076.79
803,0.7882,1076.79
804,0.7907,1076.79
805,0.7886,1076.79
806,0.7872,1076.79
807,0.7966,1076.79
808,0.7918,1076.79
809,0.7913,1076.79
810,0.7887,1076.79
811,0.7879,1076.79
812,0.7916,1076.79
813,0.7914,1076.79
814,0.7887,1076.79
815,0.7918,1076.79
816,0.7863,1076.79
817,0.7917,1076.79
818,0.7895,1076.79
819,0.7890,1076.79
820,0.7880,1076.79
821,0.7893,1076.79
822,0.7878,1076.79
823,0.7905,1076.79
824,0.7912,1076.79
825,0.7938,1076.79
826,0.7897,1076.79
827,0.7927,1076.79
828,0.7875,1076.79
829,0.7896,1076.79
830,0.7877,1076.79
831,0.7939,1076.79
832,0.7921,1076.79
833,0.7890,1076.79
834,0.7912,1076.79
835,0.7918,1076.79
836,0.7949,1076.79
837,0.7903,1076.79
838,0.7885,1076.79
839,0.8005,1076.79
840,0.7890,1076.79
841,0.7937,1076.79
842,0.7918,1076.79
843,0.7952,1076.79
844,0.7945,1076.79
845,1.3734,1076.79
846,0.8018,1076.79
847,0.7961,1076.79
848,0.7922,1076.79
849,0.7847,1076.79
850,0.7946,1076.79
851,0.7972,1076.79
852,0.7880,1076.79
853,0.7973,1076.79
854,0.7916,1076.79
855,0.7935,1076.79
856,0.7899,1076.79
857,0.7871,1076.79
858,0.7929,1076.79
859,0.7862,1076.79
860,0.7928,1076.79
861,0.7955,1076.79
862,0.7921,1076.79
863,0.7948,1076.79
864,0.7866,1076.79
865,0.7871,1076.79
866,0.7882,1076.79
867,0.7878,1076.79
868,0.7935,1076.79
869,0.7889,1076.79
870,0.7964,1076.79
871,0.7930,1076.79
872,0.7887,1076.79
873,0.7947,1076.79
874,0.7916,1076.79
875,0.7924,1076.79
876,0.7930,1076.79
877,0.7887,1076.79
878,0.7894,1076.79
879,0.7874,1076.79
880,0.7890,1076.79
881,0.7873,1076.79
882,0.7867,1076.79
883,0.7916,1076.79
884,0.7870,1076.79
885,0.7908,1076.79
886,0.7908,1076.79
887,0.7942,1076.79
888,0.7934,1076.79
889,0.7878,1076.79
890,0.7990,1076.79
891,0.7909,1076.79
892,0.7917,1076.79
893,0.7905,1076.79
894,0.7928,1076.79
895,0.7920,1076.79
896,0.7903,1076.79
897,0.7917,1076.79
898,0.7901,1076.79
899,0.7911,1076.79
900,0.7920,1076.79
901,0.7931,1076.79
902,0.7917,1076.79
903,0.7967,1076.79
904,0.7911,1076.79
905,0.7872,1076.79
906,0.7921,1076.79
907,0.7948,1076.79
908,0.7940,1076.79
909,0.7955,1076.79
910,0.7923,1076.79
911,0.7985,1076.79
912,0.7873,1076.79
913,1.4384,1076.79
914,0.7933,1076.79
915,0.7974,1076.79
916,0.7927,1076.79
917,0.7971,1076.79
918,0.7929,1076.79
919,0.7917,1076.79
920,0.7929,1076.79
921,0.7948,1076.79
922,0.7992,1076.79
923,0.7914,1076.79
924,0.7930,1076.79
925,0.7979,1076.79
926,0.7984,1076.79
927,0.7939,1076.79
928,0.7890,1076.79
929,0.8016,1076.79
930,0.7939,1076.79
931,0.7887,1076.79
932,0.7936,1076.79
933,0.7947,1076.79
934,0.7881,1076.79
935,0.7944,1076.79
936,0.7902,1076.79
937,0.7936,1076.79
938,0.7896,1076.79
939,0.7915,1076.79
940,0.7906,1076.79
941,0.7922,1076.79
942,0.7893,1076.79
943,0.7879,1076.79
944,0.7879,1076.79
945,0.7874,1076.79
946,0.7938,1076.79
947,0.7888,1076.79
948,0.7948,1076.79
949,0.7941,1076.79
950,0.7954,1076.79
951,0.7925,1076.79
952,0.7872,1076.79
953,0.7924,1076.79
954,0.7973,1076.79
955,0.7916,1076.79
956,0.7935,1076.79
957,0.7868,1076.79
958,0.7967,1076.79
959,0.7899,1076.79
960,0.7917,1076.79
961,0.7955,1076.79
962,0.7901,1076.79
963,0.7925,1076.79
964,0.7885,1076.79
965,0.7900,1076.79
966,0.7979,1076.79
967,0.7890,1076.79
968,0.7932,1076.79
969,0.7886,1076.79
970,0.7946,1076.79
971,0.7958,1076.79
972,0.7918,1076.79
973,0.7938,1076.79
974,0.7908,1076.79
975,0.7926,1076.79
976,0.7953,1076.79
977,0.7979,1076.79
978,0.7911,1076.79
979,0.7940,1076.79
980,0.7898,1076.79
981,0.7908,1076.79
982,1.4864,1076.79
983,0.7923,1076.79
984,0.7971,1076.79
985,0.7947,1076.79
986,0.7956,1076.79
987,0.7927,1076.79
988,0.8018,1076.79
989,0.7957,1076.79
990,0.7884,1076.79
991,0.7915,1076.79
992,0.7916,1076.79
993,0.7997,1076.79
994,0.8069,1076.79
995,0.7937,1076.79
996,0.8008,1076.79
997,0.8006,1076.79
998,0.7914,1076.79
999,0.7997,1076.79
1000,0.7986,1076.79
