Method: GCL
Expert reward: 1649.05
Parameters: horizon=50, num_traj=500
N_steps=1000, iterations=1000
Q=0.0001, P=0.01

Total time: 3985.66 seconds
Average time per iteration: 3.9856 seconds
Average reward (all): 10139.35
Final reward (last 100): 10139.35

Iteration data:
1,6.4088,10139.35
2,3.8000,10139.35
3,3.7258,10139.35
4,3.4836,10139.35
5,3.6012,10139.35
6,3.7444,10139.35
7,3.6718,10139.35
8,3.5083,10139.35
9,3.4482,10139.35
10,3.7798,10139.35
11,3.7478,10139.35
12,3.8366,10139.35
13,3.8784,10139.35
14,3.5939,10139.35
15,3.5009,10139.35
16,3.4449,10139.35
17,3.7046,10139.35
18,3.7835,10139.35
19,3.8587,10139.35
20,3.8155,10139.35
21,3.8782,10139.35
22,3.8241,10139.35
23,4.3364,10139.35
24,3.7757,10139.35
25,3.8579,10139.35
26,3.8781,10139.35
27,3.6839,10139.35
28,3.5722,10139.35
29,4.3007,10139.35
30,3.8010,10139.35
31,3.8835,10139.35
32,3.5421,10139.35
33,3.4858,10139.35
34,3.5222,10139.35
35,3.4648,10139.35
36,3.5712,10139.35
37,4.1981,10139.35
38,3.7511,10139.35
39,3.8760,10139.35
40,3.8741,10139.35
41,3.8215,10139.35
42,3.7933,10139.35
43,4.0353,10139.35
44,3.8013,10139.35
45,3.7759,10139.35
46,3.5674,10139.35
47,3.8405,10139.35
48,3.6070,10139.35
49,3.9270,10139.35
50,4.0355,10139.35
51,3.7919,10139.35
52,3.6562,10139.35
53,3.7895,10139.35
54,3.9346,10139.35
55,3.8647,10139.35
56,3.6233,10139.35
57,3.9373,10139.35
58,4.1694,10139.35
59,3.8455,10139.35
60,3.7944,10139.35
61,3.7190,10139.35
62,3.8140,10139.35
63,3.7738,10139.35
64,3.8153,10139.35
65,4.2335,10139.35
66,3.8373,10139.35
67,3.7641,10139.35
68,3.8520,10139.35
69,3.7764,10139.35
70,3.4796,10139.35
71,3.4693,10139.35
72,4.1029,10139.35
73,3.5789,10139.35
74,3.4918,10139.35
75,3.4695,10139.35
76,3.4510,10139.35
77,3.8135,10139.35
78,3.8756,10139.35
79,3.8126,10139.35
80,3.9579,10139.35
81,3.8218,10139.35
82,3.8511,10139.35
83,3.7483,10139.35
84,3.5958,10139.35
85,3.5073,10139.35
86,3.7751,10139.35
87,4.1030,10139.35
88,3.8364,10139.35
89,3.8485,10139.35
90,3.8284,10139.35
91,3.8255,10139.35
92,3.9353,10139.35
93,3.9564,10139.35
94,3.9177,10139.35
95,4.2858,10139.35
96,3.7746,10139.35
97,3.6259,10139.35
98,3.8365,10139.35
99,3.9331,10139.35
100,3.9458,10139.35
101,3.8929,10139.35
102,3.7675,10139.35
103,4.1939,10139.35
104,3.8723,10139.35
105,3.8619,10139.35
106,3.5216,10139.35
107,3.6516,10139.35
108,3.5095,10139.35
109,3.7901,10139.35
110,3.8129,10139.35
111,3.9490,10139.35
112,4.2981,10139.35
113,3.8428,10139.35
114,3.8488,10139.35
115,3.5353,10139.35
116,3.8719,10139.35
117,4.0008,10139.35
118,3.5957,10139.35
119,3.9357,10139.35
120,3.4924,10139.35
121,3.4767,10139.35
122,3.4727,10139.35
123,3.4544,10139.35
124,3.5360,10139.35
125,3.7813,10139.35
126,3.8908,10139.35
127,3.9181,10139.35
128,4.2750,10139.35
129,3.5343,10139.35
130,3.5573,10139.35
131,3.7536,10139.35
132,3.6517,10139.35
133,3.5499,10139.35
134,3.4803,10139.35
135,3.8248,10139.35
136,3.5881,10139.35
137,3.5101,10139.35
138,3.4725,10139.35
139,3.4686,10139.35
140,3.7885,10139.35
141,3.8314,10139.35
142,3.8189,10139.35
143,3.8877,10139.35
144,4.3556,10139.35
145,4.0106,10139.35
146,3.8930,10139.35
147,3.8543,10139.35
148,3.8834,10139.35
149,3.8212,10139.35
150,3.7774,10139.35
151,3.6337,10139.35
152,3.5527,10139.35
153,3.9066,10139.35
154,3.9206,10139.35
155,3.8747,10139.35
156,3.8638,10139.35
157,3.8354,10139.35
158,3.8714,10139.35
159,3.8683,10139.35
160,3.8533,10139.35
161,4.2785,10139.35
162,3.9406,10139.35
163,3.5214,10139.35
164,3.8095,10139.35
165,3.5452,10139.35
166,3.5229,10139.35
167,3.4632,10139.35
168,3.5064,10139.35
169,3.4744,10139.35
170,3.8723,10139.35
171,3.8449,10139.35
172,3.7803,10139.35
173,3.8870,10139.35
174,3.8689,10139.35
175,3.8744,10139.35
176,3.8556,10139.35
177,3.8089,10139.35
178,3.8290,10139.35
179,3.7440,10139.35
180,4.2037,10139.35
181,3.8158,10139.35
182,3.8333,10139.35
183,3.8655,10139.35
184,3.8686,10139.35
185,3.9707,10139.35
186,3.9258,10139.35
187,3.9259,10139.35
188,4.2556,10139.35
189,3.7564,10139.35
190,3.8312,10139.35
191,3.8907,10139.35
192,3.6838,10139.35
193,3.8531,10139.35
194,3.6538,10139.35
195,3.9028,10139.35
196,3.9706,10139.35
197,4.8619,10139.35
198,3.8862,10139.35
199,3.9862,10139.35
200,3.9046,10139.35
201,3.8949,10139.35
202,3.8713,10139.35
203,4.0024,10139.35
204,3.9454,10139.35
205,3.8300,10139.35
206,3.8848,10139.35
207,4.2139,10139.35
208,3.5478,10139.35
209,3.5041,10139.35
210,3.7590,10139.35
211,3.6289,10139.35
212,3.5387,10139.35
213,3.8646,10139.35
214,3.9155,10139.35
215,3.9368,10139.35
216,4.5390,10139.35
217,3.9988,10139.35
218,3.6953,10139.35
219,3.9903,10139.35
220,3.9109,10139.35
221,3.8564,10139.35
222,3.7963,10139.35
223,3.5533,10139.35
224,3.5288,10139.35
225,4.0209,10139.35
226,3.5230,10139.35
227,3.7774,10139.35
228,3.7637,10139.35
229,3.7379,10139.35
230,3.7183,10139.35
231,3.8587,10139.35
232,3.8643,10139.35
233,3.8573,10139.35
234,3.9717,10139.35
235,4.5007,10139.35
236,3.8238,10139.35
237,3.8681,10139.35
238,3.6306,10139.35
239,3.5533,10139.35
240,3.5905,10139.35
241,3.8328,10139.35
242,4.0096,10139.35
243,3.7302,10139.35
244,3.9425,10139.35
245,4.2610,10139.35
246,3.6435,10139.35
247,4.0130,10139.35
248,3.9462,10139.35
249,4.0231,10139.35
250,4.0542,10139.35
251,3.9753,10139.35
252,3.9748,10139.35
253,3.8441,10139.35
254,4.0380,10139.35
255,4.8525,10139.35
256,3.9616,10139.35
257,3.9545,10139.35
258,3.9234,10139.35
259,3.9642,10139.35
260,4.0486,10139.35
261,3.9966,10139.35
262,3.9818,10139.35
263,3.9212,10139.35
264,3.7204,10139.35
265,4.6525,10139.35
266,3.9826,10139.35
267,3.9936,10139.35
268,3.8788,10139.35
269,3.9695,10139.35
270,3.9992,10139.35
271,4.0195,10139.35
272,3.9114,10139.35
273,3.9912,10139.35
274,4.6716,10139.35
275,3.8593,10139.35
276,3.9192,10139.35
277,3.7836,10139.35
278,3.9378,10139.35
279,3.9060,10139.35
280,3.8020,10139.35
281,3.9817,10139.35
282,3.9481,10139.35
283,3.6835,10139.35
284,4.1371,10139.35
285,3.5464,10139.35
286,3.5325,10139.35
287,3.5003,10139.35
288,3.5042,10139.35
289,3.8280,10139.35
290,3.8774,10139.35
291,3.9189,10139.35
292,3.6627,10139.35
293,3.5860,10139.35
294,3.5457,10139.35
295,4.0964,10139.35
296,3.5142,10139.35
297,3.5187,10139.35
298,3.5649,10139.35
299,4.0141,10139.35
300,3.9080,10139.35
301,4.0054,10139.35
302,3.7904,10139.35
303,3.6290,10139.35
304,3.6285,10139.35
305,3.8938,10139.35
306,4.4548,10139.35
307,3.6991,10139.35
308,3.5773,10139.35
309,3.5432,10139.35
310,3.5353,10139.35
311,3.7632,10139.35
312,3.9339,10139.35
313,3.8916,10139.35
314,3.9130,10139.35
315,3.8502,10139.35
316,3.9050,10139.35
317,4.5158,10139.35
318,3.6133,10139.35
319,3.5575,10139.35
320,3.5438,10139.35
321,3.5288,10139.35
322,3.5010,10139.35
323,3.5231,10139.35
324,3.5113,10139.35
325,3.5029,10139.35
326,3.5190,10139.35
327,4.0977,10139.35
328,3.5313,10139.35
329,3.8208,10139.35
330,3.9411,10139.35
331,3.8853,10139.35
332,3.9811,10139.35
333,4.0568,10139.35
334,3.8943,10139.35
335,4.0059,10139.35
336,4.0012,10139.35
337,3.6512,10139.35
338,3.7307,10139.35
339,4.7766,10139.35
340,3.9319,10139.35
341,4.1284,10139.35
342,4.0096,10139.35
343,4.0144,10139.35
344,3.8421,10139.35
345,3.8137,10139.35
346,3.9781,10139.35
347,3.9494,10139.35
348,3.9187,10139.35
349,3.9065,10139.35
350,3.9334,10139.35
351,4.7570,10139.35
352,3.8963,10139.35
353,3.8591,10139.35
354,3.9501,10139.35
355,3.9034,10139.35
356,3.8161,10139.35
357,3.7699,10139.35
358,3.8497,10139.35
359,3.7883,10139.35
360,3.9030,10139.35
361,3.8795,10139.35
362,4.6755,10139.35
363,3.9076,10139.35
364,3.9963,10139.35
365,3.9302,10139.35
366,3.9875,10139.35
367,3.9012,10139.35
368,3.8449,10139.35
369,3.9267,10139.35
370,3.9204,10139.35
371,4.0519,10139.35
372,3.9290,10139.35
373,5.1018,10139.35
374,4.1287,10139.35
375,4.0589,10139.35
376,4.0163,10139.35
377,4.0114,10139.35
378,3.9425,10139.35
379,4.0476,10139.35
380,4.1114,10139.35
381,4.0778,10139.35
382,3.9892,10139.35
383,4.1032,10139.35
384,3.9479,10139.35
385,4.0400,10139.35
386,4.9091,10139.35
387,3.9417,10139.35
388,4.1243,10139.35
389,4.0632,10139.35
390,4.0492,10139.35
391,3.9700,10139.35
392,4.0290,10139.35
393,4.1071,10139.35
394,4.0615,10139.35
395,4.0524,10139.35
396,3.9393,10139.35
397,4.0215,10139.35
398,4.9903,10139.35
399,4.0930,10139.35
400,4.1216,10139.35
401,4.0318,10139.35
402,4.0916,10139.35
403,4.0116,10139.35
404,4.0697,10139.35
405,4.0123,10139.35
406,3.9174,10139.35
407,3.8909,10139.35
408,4.0160,10139.35
409,4.0172,10139.35
410,4.9144,10139.35
411,4.1167,10139.35
412,4.0646,10139.35
413,3.8694,10139.35
414,4.0514,10139.35
415,4.0873,10139.35
416,4.1077,10139.35
417,4.0380,10139.35
418,4.1105,10139.35
419,4.0944,10139.35
420,4.1182,10139.35
421,4.0507,10139.35
422,4.0218,10139.35
423,5.0603,10139.35
424,3.9707,10139.35
425,3.9764,10139.35
426,3.6980,10139.35
427,4.0523,10139.35
428,3.9600,10139.35
429,4.1090,10139.35
430,4.0650,10139.35
431,4.0463,10139.35
432,3.9536,10139.35
433,3.9065,10139.35
434,3.8454,10139.35
435,4.5879,10139.35
436,3.9855,10139.35
437,3.7122,10139.35
438,3.5895,10139.35
439,3.6054,10139.35
440,3.5592,10139.35
441,3.5604,10139.35
442,3.8285,10139.35
443,3.8978,10139.35
444,4.1295,10139.35
445,3.8520,10139.35
446,4.0896,10139.35
447,4.6542,10139.35
448,4.0907,10139.35
449,3.8015,10139.35
450,4.0275,10139.35
451,3.9768,10139.35
452,3.9429,10139.35
453,3.9275,10139.35
454,3.9391,10139.35
455,3.8421,10139.35
456,3.9533,10139.35
457,3.9135,10139.35
458,4.0862,10139.35
459,4.0745,10139.35
460,4.6177,10139.35
461,3.9132,10139.35
462,3.9822,10139.35
463,3.9340,10139.35
464,3.9310,10139.35
465,3.8723,10139.35
466,4.1540,10139.35
467,4.1415,10139.35
468,4.1003,10139.35
469,3.8889,10139.35
470,3.7211,10139.35
471,3.9272,10139.35
472,3.9171,10139.35
473,4.6716,10139.35
474,3.9679,10139.35
475,3.9205,10139.35
476,4.0846,10139.35
477,3.9654,10139.35
478,3.9710,10139.35
479,3.9239,10139.35
480,3.8537,10139.35
481,3.9224,10139.35
482,3.9455,10139.35
483,4.1825,10139.35
484,3.8881,10139.35
485,4.0432,10139.35
486,4.4426,10139.35
487,4.0249,10139.35
488,4.0900,10139.35
489,3.9399,10139.35
490,4.0645,10139.35
491,3.9598,10139.35
492,4.1346,10139.35
493,3.8478,10139.35
494,3.9460,10139.35
495,4.2220,10139.35
496,3.9341,10139.35
497,3.9197,10139.35
498,4.0626,10139.35
499,3.8468,10139.35
500,4.6568,10139.35
501,3.8875,10139.35
502,4.0268,10139.35
503,4.0714,10139.35
504,4.0758,10139.35
505,4.0573,10139.35
506,3.9857,10139.35
507,3.8917,10139.35
508,3.9415,10139.35
509,3.9978,10139.35
510,3.9621,10139.35
511,3.7416,10139.35
512,3.6271,10139.35
513,4.3474,10139.35
514,3.6382,10139.35
515,3.6189,10139.35
516,3.6130,10139.35
517,3.5969,10139.35
518,3.5896,10139.35
519,3.5823,10139.35
520,3.8467,10139.35
521,3.7005,10139.35
522,3.9824,10139.35
523,3.7541,10139.35
524,4.0159,10139.35
525,4.0195,10139.35
526,4.0494,10139.35
527,4.7276,10139.35
528,4.0283,10139.35
529,3.7871,10139.35
530,4.0356,10139.35
531,3.9960,10139.35
532,3.8380,10139.35
533,3.6666,10139.35
534,3.9275,10139.35
535,4.2241,10139.35
536,4.1628,10139.35
537,4.1794,10139.35
538,4.0346,10139.35
539,4.0004,10139.35
540,4.8158,10139.35
541,4.0947,10139.35
542,4.1040,10139.35
543,4.0714,10139.35
544,3.9681,10139.35
545,4.0560,10139.35
546,4.0364,10139.35
547,3.9650,10139.35
548,3.9861,10139.35
549,4.0969,10139.35
550,4.0098,10139.35
551,4.1837,10139.35
552,4.0500,10139.35
553,4.1946,10139.35
554,4.8230,10139.35
555,4.0772,10139.35
556,3.9574,10139.35
557,4.0410,10139.35
558,4.0018,10139.35
559,3.7470,10139.35
560,3.6581,10139.35
561,3.6879,10139.35
562,3.6543,10139.35
563,3.6353,10139.35
564,3.6100,10139.35
565,3.6150,10139.35
566,3.6032,10139.35
567,3.5780,10139.35
568,4.6804,10139.35
569,3.9929,10139.35
570,3.9638,10139.35
571,4.0651,10139.35
572,4.0305,10139.35
573,3.7371,10139.35
574,3.9479,10139.35
575,3.9257,10139.35
576,4.1630,10139.35
577,4.0905,10139.35
578,3.8658,10139.35
579,3.8075,10139.35
580,4.0151,10139.35
581,4.2039,10139.35
582,5.7972,10139.35
583,4.1268,10139.35
584,4.1831,10139.35
585,4.1287,10139.35
586,4.1183,10139.35
587,4.0639,10139.35
588,4.1620,10139.35
589,4.1048,10139.35
590,4.0844,10139.35
591,3.8103,10139.35
592,3.9687,10139.35
593,4.0116,10139.35
594,3.8035,10139.35
595,5.1351,10139.35
596,3.9887,10139.35
597,4.0050,10139.35
598,4.0438,10139.35
599,3.9835,10139.35
600,4.0586,10139.35
601,4.0210,10139.35
602,4.1472,10139.35
603,4.0610,10139.35
604,3.8539,10139.35
605,4.0342,10139.35
606,4.0385,10139.35
607,3.9727,10139.35
608,4.0325,10139.35
609,4.0971,10139.35
610,5.1204,10139.35
611,3.9928,10139.35
612,3.9351,10139.35
613,3.9802,10139.35
614,4.0037,10139.35
615,3.9560,10139.35
616,4.0592,10139.35
617,4.1752,10139.35
618,4.1598,10139.35
619,4.0464,10139.35
620,4.0087,10139.35
621,4.0484,10139.35
622,4.0683,10139.35
623,4.1667,10139.35
624,4.9162,10139.35
625,4.0381,10139.35
626,4.0292,10139.35
627,4.0648,10139.35
628,3.8172,10139.35
629,3.7352,10139.35
630,3.9356,10139.35
631,3.9992,10139.35
632,4.2282,10139.35
633,4.0238,10139.35
634,4.0445,10139.35
635,4.0653,10139.35
636,4.0001,10139.35
637,4.1830,10139.35
638,4.1328,10139.35
639,5.1189,10139.35
640,3.9930,10139.35
641,4.0321,10139.35
642,4.0808,10139.35
643,3.9189,10139.35
644,3.7039,10139.35
645,3.9577,10139.35
646,3.9606,10139.35
647,3.9766,10139.35
648,3.9616,10139.35
649,4.1778,10139.35
650,4.2033,10139.35
651,4.0304,10139.35
652,4.0573,10139.35
653,3.9530,10139.35
654,5.6859,10139.35
655,4.0319,10139.35
656,4.1477,10139.35
657,4.0473,10139.35
658,4.0223,10139.35
659,3.9850,10139.35
660,3.9764,10139.35
661,3.9798,10139.35
662,3.9038,10139.35
663,4.1157,10139.35
664,3.8498,10139.35
665,3.7007,10139.35
666,4.0314,10139.35
667,3.9083,10139.35
668,3.9878,10139.35
669,5.1459,10139.35
670,4.0536,10139.35
671,3.8366,10139.35
672,3.9806,10139.35
673,3.9612,10139.35
674,4.0525,10139.35
675,3.9583,10139.35
676,4.0086,10139.35
677,4.0135,10139.35
678,4.0408,10139.35
679,4.0164,10139.35
680,4.0043,10139.35
681,3.8976,10139.35
682,4.1769,10139.35
683,4.1291,10139.35
684,3.9115,10139.35
685,5.3818,10139.35
686,4.2068,10139.35
687,4.1063,10139.35
688,4.2509,10139.35
689,4.0968,10139.35
690,3.9620,10139.35
691,3.9711,10139.35
692,4.0152,10139.35
693,4.0938,10139.35
694,3.9976,10139.35
695,4.1586,10139.35
696,4.0500,10139.35
697,4.0483,10139.35
698,3.9780,10139.35
699,3.8935,10139.35
700,5.4795,10139.35
701,4.0123,10139.35
702,4.0127,10139.35
703,4.0230,10139.35
704,4.0405,10139.35
705,3.9986,10139.35
706,4.0097,10139.35
707,3.9726,10139.35
708,3.9713,10139.35
709,3.9926,10139.35
710,4.0442,10139.35
711,4.0188,10139.35
712,4.0406,10139.35
713,3.9772,10139.35
714,3.8751,10139.35
715,3.9668,10139.35
716,4.9779,10139.35
717,4.0451,10139.35
718,3.7624,10139.35
719,3.9698,10139.35
720,4.0906,10139.35
721,4.1145,10139.35
722,4.0162,10139.35
723,4.1328,10139.35
724,4.0651,10139.35
725,4.1846,10139.35
726,4.1063,10139.35
727,4.1108,10139.35
728,4.0757,10139.35
729,4.1245,10139.35
730,3.8618,10139.35
731,5.5966,10139.35
732,4.0507,10139.35
733,4.0081,10139.35
734,3.9585,10139.35
735,4.0009,10139.35
736,3.9789,10139.35
737,3.9889,10139.35
738,4.0564,10139.35
739,4.1655,10139.35
740,4.1181,10139.35
741,4.0560,10139.35
742,4.1780,10139.35
743,4.1299,10139.35
744,3.9306,10139.35
745,3.6705,10139.35
746,3.6889,10139.35
747,5.1765,10139.35
748,4.0337,10139.35
749,3.8586,10139.35
750,3.7055,10139.35
751,3.9240,10139.35
752,3.9928,10139.35
753,3.9283,10139.35
754,4.0148,10139.35
755,3.7662,10139.35
756,3.6666,10139.35
757,3.9807,10139.35
758,3.9185,10139.35
759,4.0303,10139.35
760,4.0275,10139.35
761,3.8111,10139.35
762,3.7268,10139.35
763,3.7522,10139.35
764,5.1038,10139.35
765,4.1595,10139.35
766,4.1062,10139.35
767,4.2336,10139.35
768,4.0834,10139.35
769,3.8197,10139.35
770,3.8149,10139.35
771,3.7172,10139.35
772,3.6760,10139.35
773,3.6481,10139.35
774,3.6384,10139.35
775,3.6886,10139.35
776,3.9428,10139.35
777,4.0394,10139.35
778,4.0485,10139.35
779,4.1830,10139.35
780,5.2740,10139.35
781,3.8893,10139.35
782,3.7728,10139.35
783,3.7342,10139.35
784,4.0741,10139.35
785,3.9005,10139.35
786,3.9822,10139.35
787,4.0560,10139.35
788,4.0859,10139.35
789,3.7399,10139.35
790,3.6570,10139.35
791,3.6557,10139.35
792,3.9230,10139.35
793,4.0262,10139.35
794,4.0153,10139.35
795,3.9585,10139.35
796,5.0562,10139.35
797,3.9018,10139.35
798,4.0194,10139.35
799,4.0492,10139.35
800,3.9800,10139.35
801,3.9701,10139.35
802,3.9412,10139.35
803,3.7710,10139.35
804,3.9589,10139.35
805,4.0894,10139.35
806,3.9850,10139.35
807,3.9424,10139.35
808,3.9883,10139.35
809,3.7036,10139.35
810,3.6565,10139.35
811,3.6441,10139.35
812,3.6319,10139.35
813,4.7571,10139.35
814,3.9665,10139.35
815,4.0440,10139.35
816,4.0276,10139.35
817,3.9472,10139.35
818,4.1255,10139.35
819,4.1237,10139.35
820,3.9827,10139.35
821,4.1464,10139.35
822,4.0950,10139.35
823,4.0936,10139.35
824,4.0834,10139.35
825,3.9055,10139.35
826,4.0454,10139.35
827,4.0844,10139.35
828,3.7624,10139.35
829,4.0792,10139.35
830,5.2528,10139.35
831,4.0816,10139.35
832,4.0312,10139.35
833,4.0905,10139.35
834,3.8995,10139.35
835,4.0363,10139.35
836,4.1089,10139.35
837,4.0533,10139.35
838,4.0450,10139.35
839,4.0660,10139.35
840,4.0759,10139.35
841,4.0402,10139.35
842,4.0014,10139.35
843,4.0469,10139.35
844,3.8304,10139.35
845,3.7418,10139.35
846,4.1277,10139.35
847,5.8876,10139.35
848,4.1676,10139.35
849,4.1692,10139.35
850,4.1467,10139.35
851,4.2902,10139.35
852,4.1372,10139.35
853,4.1345,10139.35
854,4.0346,10139.35
855,4.0447,10139.35
856,4.2002,10139.35
857,4.1520,10139.35
858,4.0708,10139.35
859,4.0297,10139.35
860,4.0939,10139.35
861,4.1160,10139.35
862,4.1721,10139.35
863,4.0455,10139.35
864,5.8423,10139.35
865,4.0580,10139.35
866,3.8120,10139.35
867,3.6882,10139.35
868,4.0140,10139.35
869,3.8004,10139.35
870,3.6534,10139.35
871,3.6563,10139.35
872,3.6708,10139.35
873,3.6312,10139.35
874,3.6401,10139.35
875,3.8912,10139.35
876,4.1419,10139.35
877,4.1580,10139.35
878,4.0614,10139.35
879,4.1495,10139.35
880,4.1903,10139.35
881,4.1187,10139.35
882,5.5320,10139.35
883,4.0697,10139.35
884,4.0588,10139.35
885,4.1276,10139.35
886,3.9319,10139.35
887,4.0720,10139.35
888,4.1516,10139.35
889,4.1168,10139.35
890,4.1027,10139.35
891,4.0120,10139.35
892,4.1281,10139.35
893,4.1294,10139.35
894,4.1765,10139.35
895,4.0612,10139.35
896,4.0312,10139.35
897,4.0577,10139.35
898,4.2466,10139.35
899,5.8301,10139.35
900,4.1651,10139.35
901,4.1592,10139.35
902,4.0898,10139.35
903,4.0788,10139.35
904,4.0561,10139.35
905,4.0569,10139.35
906,4.2853,10139.35
907,4.0596,10139.35
908,4.2086,10139.35
909,4.0086,10139.35
910,4.0136,10139.35
911,4.0200,10139.35
912,4.0394,10139.35
913,4.2397,10139.35
914,4.0549,10139.35
915,4.0618,10139.35
916,4.1294,10139.35
917,5.5432,10139.35
918,4.1780,10139.35
919,4.1533,10139.35
920,4.1352,10139.35
921,4.2913,10139.35
922,4.1533,10139.35
923,4.0322,10139.35
924,4.3130,10139.35
925,4.1895,10139.35
926,3.9432,10139.35
927,3.9029,10139.35
928,4.0830,10139.35
929,4.0144,10139.35
930,4.0903,10139.35
931,4.0631,10139.35
932,4.0147,10139.35
933,3.9928,10139.35
934,4.0105,10139.35
935,5.6966,10139.35
936,4.0214,10139.35
937,3.9280,10139.35
938,3.9942,10139.35
939,4.0190,10139.35
940,4.0343,10139.35
941,4.0159,10139.35
942,4.1421,10139.35
943,4.0561,10139.35
944,4.1842,10139.35
945,4.2012,10139.35
946,4.2159,10139.35
947,4.0876,10139.35
948,4.1936,10139.35
949,4.0442,10139.35
950,4.1724,10139.35
951,4.0999,10139.35
952,4.1434,10139.35
953,4.1553,10139.35
954,5.9040,10139.35
955,3.9421,10139.35
956,3.8014,10139.35
957,3.7503,10139.35
958,3.7298,10139.35
959,3.7102,10139.35
960,4.0017,10139.35
961,4.0901,10139.35
962,4.2848,10139.35
963,4.2160,10139.35
964,4.0557,10139.35
965,4.2972,10139.35
966,4.0503,10139.35
967,4.0214,10139.35
968,4.1175,10139.35
969,4.2069,10139.35
970,3.9147,10139.35
971,3.9211,10139.35
972,4.7975,10139.35
973,3.6951,10139.35
974,3.8450,10139.35
975,4.1649,10139.35
976,4.2068,10139.35
977,3.8386,10139.35
978,4.1114,10139.35
979,4.2360,10139.35
980,4.3441,10139.35
981,3.9883,10139.35
982,4.0747,10139.35
983,4.2704,10139.35
984,5.5054,10139.35
985,3.9036,10139.35
986,4.1308,10139.35
987,4.0028,10139.35
988,4.0038,10139.35
989,4.0367,10139.35
990,5.1788,10139.35
991,3.7845,10139.35
992,3.9069,10139.35
993,4.1728,10139.35
994,3.8901,10139.35
995,3.6907,10139.35
996,3.7014,10139.35
997,4.1022,10139.35
998,3.9137,10139.35
999,3.7109,10139.35
1000,3.7424,10139.35
