2025-11-25 22:45:46.124283: E external/local_xla/xla/stream_executor/cuda/cuda_fft.cc:477] Unable to register cuFFT factory: Attempting to register factory for plugin cuFFT when one has already been registered
WARNING: All log messages before absl::InitializeLog() is called are written to STDERR
E0000 00:00:1764128746.280916  918480 cuda_dnn.cc:8310] Unable to register cuDNN factory: Attempting to register factory for plugin cuDNN when one has already been registered
E0000 00:00:1764128746.337676  918480 cuda_blas.cc:1418] Unable to register cuBLAS factory: Attempting to register factory for plugin cuBLAS when one has already been registered
ERROR:2025-11-25 22:45:57,961:jax._src.xla_bridge:444: Jax plugin configuration error: Exception when calling jax_plugins.xla_cuda12.initialize()
Traceback (most recent call last):
  File "/jet/home/pghanem/.conda/envs/rirl/lib/python3.10/site-packages/jax/_src/xla_bridge.py", line 442, in discover_pjrt_plugins
    plugin_module.initialize()
  File "/jet/home/pghanem/.conda/envs/rirl/lib/python3.10/site-packages/jax_plugins/xla_cuda12/__init__.py", line 324, in initialize
    _check_cuda_versions(raise_on_first_error=True)
  File "/jet/home/pghanem/.conda/envs/rirl/lib/python3.10/site-packages/jax_plugins/xla_cuda12/__init__.py", line 281, in _check_cuda_versions
    local_device_count = cuda_versions.cuda_device_count()
RuntimeError: jaxlib/cuda/versions_helpers.cc:113: operation cuInit(0) failed: Unknown CUDA error 303; cuGetErrorName failed. This probably means that JAX was unable to load the CUDA libraries.
ERROR:jax._src.xla_bridge:Jax plugin configuration error: Exception when calling jax_plugins.xla_cuda12.initialize()
Traceback (most recent call last):
  File "/jet/home/pghanem/.conda/envs/rirl/lib/python3.10/site-packages/jax/_src/xla_bridge.py", line 442, in discover_pjrt_plugins
    plugin_module.initialize()
  File "/jet/home/pghanem/.conda/envs/rirl/lib/python3.10/site-packages/jax_plugins/xla_cuda12/__init__.py", line 324, in initialize
    _check_cuda_versions(raise_on_first_error=True)
  File "/jet/home/pghanem/.conda/envs/rirl/lib/python3.10/site-packages/jax_plugins/xla_cuda12/__init__.py", line 281, in _check_cuda_versions
    local_device_count = cuda_versions.cuda_device_count()
RuntimeError: jaxlib/cuda/versions_helpers.cc:113: operation cuInit(0) failed: Unknown CUDA error 303; cuGetErrorName failed. This probably means that JAX was unable to load the CUDA libraries.
/jet/home/pghanem/.conda/envs/rirl/lib/python3.10/site-packages/gymnasium/envs/registration.py:521: UserWarning: [33mWARN: Using the latest versioned environment `Walker2d-v4` instead of the unversioned environment `Walker2d`.[0m
  logger.warn(
[CpuDevice(id=0)]
Using AIRL:  False
Using GAIL:  False
Using RGCL:  False
Experiment State @  2025-11-25 22:46:05.549639-05:00
Experiment Saved @  results/experiment_123
Experiment Settings Saved @  results/experiment_123
123
Using cpu device
Wrapping the env with a `Monitor` wrapper
Wrapping the env in a DummyVecEnv.
Wrapping the env with a `Monitor` wrapper
Wrapping the env in a DummyVecEnv.
t: 0, State: [[ 3.73791605e-03  1.24372318e+00  4.47001581e-03  1.86754803e-03
   1.05416501e-03  5.71964629e-02  6.10451478e-03  7.07989778e-03
   5.56195347e-02  3.66463911e-01 -4.51970595e-01  1.23307483e+00
   6.86955024e-01  1.02231126e+00  1.00000000e+01  4.17843224e-01
   1.14533620e+00  1.00000000e+01]], Action: [[1. 1. 1. 1. 1. 1.]], Reward: [1.2332997],Reward_sum: 1.233299732208252, Done: [False]
==========
t: 1, State: [[ 0.00506357  1.24131452  0.00850794  0.00267173  0.00747971  0.10917906
   0.00856367  0.00826808  0.11066811 -0.03024826 -0.15075589 -0.21378221
  -0.51823394  0.61299368 -0.47474312  0.21447589 -0.92851476  0.24968846]], Action: [[-1.          0.00529491 -1.          0.9088298  -0.48744813 -1.        ]], Reward: [1.1616437],Reward_sum: 2.3949434757232666, Done: [False]
==========
t: 2, State: [[ 5.66904660e-03  1.23832027e+00  8.99191273e-03  9.40336820e-04
   1.09431468e-02  1.61928591e-01  1.06887863e-02  3.52632656e-03
   1.67438960e-01  1.68877280e-01 -5.95526678e-01  2.68350780e-01
   2.33506840e-02  2.90557067e-01  1.00000000e+01  2.99954162e-01
  -3.16344862e-01  1.00000000e+01]], Action: [[1.        0.9941399 1.        1.        1.        1.       ]], Reward: [1.0696956],Reward_sum: 3.464639186859131, Done: [False]
==========
t: 3, State: [[ 6.35107605e-03  1.23472649e+00  1.02804892e-02  9.44303564e-04
   1.27799942e-02  2.14297079e-01  1.27090312e-02  1.72739553e-03
   2.21914431e-01  8.50894168e-03 -3.05191596e-01  7.40644820e-02
  -3.17916902e-02  1.73941209e-01 -4.69110138e-01  2.07924360e-01
  -1.53712912e-01 -2.52743502e-01]], Action: [[-0.34615582  0.29662782 -1.          0.90215707 -0.16558784 -1.        ]], Reward: [1.0822046],Reward_sum: 4.546843528747559, Done: [False]
==========
t: 4, State: [[ 7.03992788e-03  1.23052773e+00  1.18760019e-02  1.92477288e-03
   1.34755880e-02  2.66566111e-01  1.46185844e-02  1.63617043e-03
   2.75155166e-01  1.53560816e-01 -7.41599146e-01  2.76628005e-01
   2.40292210e-01  2.34041679e-02  1.00000000e+01  2.57728218e-01
   1.02386217e-01  1.00000000e+01]], Action: [[1.        0.8737189 1.        1.        1.        1.       ]], Reward: [1.0803431],Reward_sum: 5.6271867752075195, Done: [False]
==========
t: 5, State: [[ 0.00766002  1.22574172  0.01315331  0.00275163  0.01393043  0.31788246
   0.01628287  0.00200774  0.32730576  0.00700867 -0.45784585  0.06022019
  -0.03610286  0.07788004 -0.626169    0.16268716 -0.03555805 -0.45723621]], Action: [[-0.36352056  0.50434756 -1.          1.         -0.21899518 -1.        ]], Reward: [1.0740776],Reward_sum: 6.701264381408691, Done: [False]
==========
t: 6, State: [[ 8.21243835e-03  1.22035834e+00  1.41654196e-02  3.54375312e-03
   1.40961388e-02  3.68824507e-01  1.78316087e-02  2.61418278e-03
   3.78959785e-01  1.21498827e-01 -8.84347880e-01  1.48351735e-01
   2.03068356e-01 -1.86120068e-02  1.00000000e+01  2.13667439e-01
   1.63591246e-01  1.00000000e+01]], Action: [[1.         0.89927953 1.         1.         1.         1.        ]], Reward: [1.063243],Reward_sum: 7.764507293701172, Done: [False]
==========
t: 7, State: [[ 0.00868805  1.21439425  0.0148051   0.00407018  0.01431467  0.41874455
   0.01916843  0.00322222  0.42966657  0.00266116 -0.6103168   0.02871092
  -0.07212358  0.05869796 -0.81953083  0.12521556 -0.03693538 -0.64219759]], Action: [[-0.25917265  0.61251354 -1.          1.         -0.22373533 -1.        ]], Reward: [1.0559586],Reward_sum: 8.820466041564941, Done: [False]
==========
t: 8, State: [[ 9.20599004e-03  1.20817265e+00  1.55191332e-02  4.52382916e-03
   1.43590519e-02  4.65423330e-01  2.03930148e-02  3.75816715e-03
   4.77222096e-01  1.86568898e-01 -7.32124502e-01  3.17932373e-01
   1.33332355e-01 -6.96141127e-02  1.00000000e+01  1.58623541e-01
   1.13030004e-01  1.00000000e+01]], Action: [[1.         0.92922205 1.         1.         1.         1.        ]], Reward: [1.0588795],Reward_sum: 9.879345893859863, Done: [False]
==========
t: 9, State: [[ 0.00971583  1.20436189  0.01610341  0.00514909  0.01460448  0.50154621
   0.02136703  0.00437592  0.51224217 -0.06673345 -0.26395125 -0.1902103
   0.03625541  0.1089621  -1.30042804  0.09266422  0.0522106  -1.67528813]], Action: [[-0.20898259  0.6106131  -1.          1.         -0.18755811 -1.        ]], Reward: [1.0602788],Reward_sum: 10.939624786376953, Done: [False]
==========
t: 10, State: [[ 1.04806865e-02  1.20316963e+00  1.74054537e-02  5.88344577e-03
   1.45873568e-02  5.22596550e-01  2.21614753e-02  4.98415745e-03
   5.31657084e-01  2.56450453e-01 -5.69203872e-02  5.07177342e-01
   1.31919927e-01 -8.65778084e-02  6.63259796e+00  1.02372633e-01
   9.34303153e-02  6.59375770e+00]], Action: [[1. 1. 1. 1. 1. 1.]], Reward: [1.0896066],Reward_sum: 12.029231071472168, Done: [False]
==========
t: 11, State: [[ 0.01184923  1.20366509  0.02038817  0.0071298   0.01484542  0.53706053
   0.02305563  0.00565544  0.5566449   0.0833943   0.17993282  0.22530657
   0.17360049  0.1232126  -2.98566551  0.11410414  0.07480614 -0.27825203]], Action: [[ 0.56034255  0.9250766  -0.8583318   1.          0.08816289 -0.56954044]], Reward: [1.1678288],Reward_sum: 13.197059631347656, Done: [False]
==========
t: 12, State: [[ 1.36247571e-02  1.20494672e+00  2.42429575e-02  8.66490694e-03
   1.49992959e-02  5.50683502e-01  2.37383365e-02  6.31186959e-03
   5.92038753e-01  3.64059175e-01  1.41326070e-01  7.49739892e-01
   2.00542377e-01 -6.23845983e-02  6.29922572e+00  6.01998582e-02
   8.42435700e-02  9.02352085e+00]], Action: [[1.         0.98686343 1.         1.         1.         1.        ]], Reward: [1.2159675],Reward_sum: 14.413026809692383, Done: [False]
==========
t: 13, State: [[ 0.01598747  1.20664823  0.02905347  0.00986669  0.01471239  0.57676499
   0.02410851  0.006638    0.64001365  0.22677529  0.2830733   0.45605011
   0.1062965  -0.01582431  0.25475679  0.03670773  0.00795208  3.04809633]], Action: [[ 0.3198194   0.51624566 -0.52372295  0.9899459  -0.03347189 -0.52585   ]], Reward: [1.2934389],Reward_sum: 15.706465721130371, Done: [False]
==========
t: 14, State: [[ 1.88515827e-02  1.20847140e+00  3.46421627e-02  1.08995962e-02
   1.41850336e-02  6.17636772e-01  2.43113624e-02  6.72471793e-03
   7.02319503e-01  4.93441570e-01  1.84045654e-01  9.52687923e-01
   1.42987164e-01 -1.04554629e-01  9.78986325e+00  1.44557570e-02
   1.08946043e-02  1.00000000e+01]], Action: [[1.        1.        1.        1.        0.8546114 1.       ]], Reward: [1.3522832],Reward_sum: 17.058748245239258, Done: [False]
==========
t: 15, State: [[ 0.02210626  1.21112472  0.04110902  0.01112957  0.01389847  0.64656176
   0.02414932  0.00668055  0.75332503  0.36969541  0.45461009  0.8295311
  -0.06742795 -0.00679042 -3.17307551 -0.06370937 -0.05150672 -0.35468306]], Action: [[-0.22819433  0.45925817 -1.          1.         -0.02734939 -1.        ]], Reward: [1.4035704],Reward_sum: 18.462318420410156, Done: [False]
==========
t: 16, State: [[ 2.51369103e-02  1.21329173e+00  4.69370513e-02  1.13664458e-02
   1.37565679e-02  6.77970114e-01  2.40428241e-02  7.11917664e-03
   8.04023921e-01  3.84569566e-01  1.29243962e-01  6.56647749e-01
   1.46868198e-01 -1.23746350e-02  1.00000000e+01 -1.87269074e-02
   1.37119661e-01  9.37611552e+00]], Action: [[1.        0.8762723 1.        1.        1.        1.       ]], Reward: [1.3730639],Reward_sum: 19.83538246154785, Done: [False]
==========
t: 17, State: [[ 0.02814563  1.21517567  0.05302027  0.01157152  0.01388314  0.70656575
   0.02360672  0.00667363  0.82105377  0.37169245  0.33825183  0.88711942
  -0.07330941  0.03311073 -3.6347412  -0.07602929 -0.23891918 -5.09975889]], Action: [[-0.13524032  0.61561537 -1.          1.         -0.06628368 -1.        ]], Reward: [1.3726879],Reward_sum: 21.208070755004883, Done: [False]
==========
t: 18, State: [[ 0.03118637  1.21704087  0.05993337  0.01164843  0.01430384  0.71389666
   0.02288199  0.00603534  0.79381438  0.38623334  0.13161675  0.83322716
   0.08179953  0.06954667  5.42894762 -0.10785461  0.04196334 -2.02688035]], Action: [[0.5609587  0.94936085 0.66183275 1.         1.         1.        ]], Reward: [1.3754389],Reward_sum: 22.58350944519043, Done: [False]
==========
t: 19, State: [[ 3.42819177e-02  1.21721785e+00  6.62285137e-02  1.33932911e-02
   1.49061639e-02  8.05976232e-01  2.18835026e-02  6.90778117e-03
   7.85774364e-01  3.86255752e-01 -4.87622345e-02  7.68682657e-01
   2.76327578e-01  8.63018587e-02  1.00000000e+01 -9.48582523e-02
   1.64250462e-01  5.56255418e-01]], Action: [[1.         0.9243057  0.96948284 1.         1.         1.        ]], Reward: [1.3811492],Reward_sum: 23.964658737182617, Done: [False]
==========
t: 20, State: [[ 0.03742394  1.21708849  0.07304618  0.01471749  0.01574204  0.87220551
   0.02119149  0.00851756  0.77206859  0.40097226  0.01163552  0.94496838
   0.06524833  0.10852541  3.18661296 -0.06672976  0.22907547 -3.96168124]], Action: [[ 0.37660187  0.94593227 -0.6999261   0.8877499   1.         -0.29946643]], Reward: [1.3893479],Reward_sum: 25.354005813598633, Done: [False]
==========
t: 21, State: [[ 4.05831630e-02  1.21644916e+00  8.01358468e-02  1.49306735e-02
   1.56512487e-02  8.86094740e-01  2.16975854e-02  1.04354562e-02
   7.92900033e-01  3.89897804e-01 -1.54721452e-01  8.44038759e-01
   5.18953222e-03 -1.03071761e-01  5.80483536e-01  1.50993821e-01
   2.48255977e-01  7.26079553e+00]], Action: [[0.9407897  0.36836696 0.9008793  1.         1.         1.        ]], Reward: [1.390071],Reward_sum: 26.744077682495117, Done: [False]
==========
t: 22, State: [[ 0.04370221  1.21510721  0.08718237  0.01516044  0.01518572  0.88525076
   0.0228551   0.01149911  0.83361074  0.39006805 -0.18669582  0.90959324
   0.05016131 -0.0209438  -0.62783277  0.13211824  0.03828564  3.30619645]], Action: [[1.         1.         1.         0.8812119  0.16416478 1.        ]], Reward: [1.3850778],Reward_sum: 28.1291561126709, Done: [False]
==========
t: 23, State: [[ 0.04684619  1.21338972  0.09472167  0.01579887  0.01519947  0.877981
   0.02382609  0.01161249  0.85060749  0.39510427 -0.24559952  0.96608787
   0.10322132  0.0200454  -1.10240046  0.10794262 -0.0061017   1.17011061]], Action: [[1.         0.95625293 1.         1.         0.44939217 1.        ]], Reward: [1.3878804],Reward_sum: 29.51703643798828, Done: [False]
==========
t: 24, State: [[ 0.0500179   1.21114269  0.10254742  0.01685989  0.01504131  0.86861122
   0.02443237  0.01194124  0.85510872  0.39720546 -0.31765821  0.9850068
   0.15299891 -0.04938904 -1.19655919  0.04866311  0.07569598  0.08446759]], Action: [[1.         0.5724921  1.         1.         0.89902425 1.        ]], Reward: [1.3913279],Reward_sum: 30.908363342285156, Done: [False]
==========
t: 25, State: [[ 0.05320149  1.20828826  0.11044897  0.01815261  0.0145464   0.85931238
   0.02465389  0.01279183  0.85351385  0.39816314 -0.39668187  0.98702908
   0.16503243 -0.06971543 -1.10902697  0.01059099  0.12697182 -0.41196072]], Action: [[1.         0.58454096 1.         1.         1.         1.        ]], Reward: [1.3926069],Reward_sum: 32.30097198486328, Done: [False]
==========
t: 26, State: [[ 0.05638408  1.20478715  0.11830933  0.01943827  0.01400388  0.85105494
   0.02465314  0.01386018  0.84935633  0.39396732 -0.47358148  0.96664904
   0.14916462 -0.06678301 -0.94991848 -0.00143351  0.14259383 -0.58314484]], Action: [[1.        0.6078683 1.        1.        1.        1.       ]], Reward: [1.3924551],Reward_sum: 33.69342803955078, Done: [False]
==========
t: 27, State: [[ 0.05915181  1.20199757  0.12457553  0.02064498  0.01376357  0.84445634
   0.02473844  0.01521097  0.84478241  0.30714191 -0.2320327   0.62214176
   0.14990765 -0.00494872 -0.71629585  0.01307837  0.17539542 -0.56046662]], Action: [[1.        0.5946575 1.        1.        1.        1.       ]], Reward: [1.3406122],Reward_sum: 35.03403854370117, Done: [False]
==========
t: 28, State: [[ 0.06143421  1.20076298  0.12868827  0.02172543  0.01379967  0.83934997
   0.02484019  0.01652038  0.84045424  0.26901768 -0.09172715  0.42485849
   0.11799719  0.00661331 -0.56913501  0.01105623  0.14724116 -0.51748889]], Action: [[1.         0.65172935 1.         1.         1.         1.        ]], Reward: [1.2798749],Reward_sum: 36.31391525268555, Done: [False]
==========
t: 29, State: [[ 0.06352761  1.20034437  0.13163057  0.02250441  0.01389224  0.8352528
   0.02492324  0.017543    0.83655649  0.25702099 -0.0215001   0.32117456
   0.07813318  0.01280646 -0.45883965  0.00900933  0.10803673 -0.45466591]], Action: [[1.         0.72911066 1.         1.         1.         1.        ]], Reward: [1.2561431],Reward_sum: 37.5700569152832, Done: [False]
==========
t: 30, State: [[ 0.06558353  1.20031487  0.13397549  0.02298903  0.01402943  0.8319585
   0.02498969  0.01826302  0.83320153  0.25825247  0.00938737  0.27083354
   0.04525861  0.01907529 -0.36706362  0.00717678  0.0730521  -0.38354163]], Action: [[1.        0.7816324 1.        1.        1.        1.       ]], Reward: [1.2513791],Reward_sum: 38.82143783569336, Done: [False]
==========
t: 31, State: [[ 0.06767747  1.20043783  0.13604476  0.02325139  0.01420727  0.82934235
   0.02504245  0.01873664  0.83041847  0.26582436  0.01883851  0.24957015
   0.02226943  0.02369546 -0.28905299  0.00582127  0.0467233  -0.31289563]], Action: [[1.         0.81234074 1.         1.         1.         1.        ]], Reward: [1.2560831],Reward_sum: 40.077518463134766, Done: [False]
==========
t: 32, State: [[ 0.06984539  1.20058704  0.13801248  0.02336573  0.01441091  0.82729915
   0.0250859   0.01903347  0.8281784   0.27643055  0.01722585  0.2439983
   0.00775438  0.02603475 -0.22376223  0.00493383  0.02864417 -0.24848992]], Action: [[1.         0.83060193 1.         1.         1.         1.        ]], Reward: [1.2653003],Reward_sum: 41.34281921386719, Done: [False]
==========
t: 33, State: [[ 7.21048097e-02  1.20069982e+00  1.39972653e-01  2.33904223e-02
   1.46238287e-02  8.25729697e-01  2.51233520e-02  1.92124238e-02
   8.26418304e-01  2.88558580e-01  1.04493187e-02  2.46900986e-01
  -6.02968624e-04  2.63802362e-02 -1.70486448e-01  4.35622832e-03
   1.69410723e-02 -1.93163944e-01]], Action: [[1.        0.8421358 1.        1.        1.        1.       ]], Reward: [1.276718],Reward_sum: 42.619537353515625, Done: [False]
==========
t: 34, State: [[ 0.07446481  1.20074918  0.1419759   0.02336601  0.01483251  0.82454209
   0.02515674  0.01931668  0.82506164  0.30151765  0.00175128  0.25434805
  -0.00487332  0.02524234 -0.12808822  0.00393245  0.00969252 -0.14761707]], Action: [[1.         0.84966576 1.         1.         1.         1.        ]], Reward: [1.2892785],Reward_sum: 43.908817291259766, Done: [False]
==========
t: 35, State: [[ 0.07693065  1.20072725  0.14404921  0.02331858  0.01502725  0.8236551
   0.02518685  0.01937545  0.82403185  0.31499365 -0.00718485  0.26419594
  -0.00660363  0.02309682 -0.09507324  0.00355106  0.00536244 -0.11127948]], Action: [[1.        0.8544978 1.        1.        1.        1.       ]], Reward: [1.3024992],Reward_sum: 45.2113151550293, Done: [False]
==========
t: 36, State: [[ 0.07950582  1.20063571  0.14620672  0.02326391  0.01520174  0.82300011
   0.02521378  0.01940742  0.82325976  0.32884565 -0.01557795  0.27529232
  -0.00685314  0.0203324  -0.069829    0.00315077  0.00285448 -0.08296853]], Action: [[1.         0.85735255 1.         1.         1.         1.        ]], Reward: [1.316162],Reward_sum: 46.5274772644043, Done: [False]
==========
t: 37, State: [[ 0.08219297  1.20047958  0.14845575  0.02321087  0.01535233  0.82252115
   0.02523728  0.01942413  0.82268678  0.34297566 -0.02337706  0.28702853
  -0.00630281  0.01723651 -0.05083182  0.00270627  0.0014604  -0.06125652]], Action: [[1.         0.85869265 1.         1.         1.         1.        ]], Reward: [1.3301557],Reward_sum: 47.85763168334961, Done: [False]
==========
t: 38, State: [[ 8.49940483e-02  1.20026292e+00  1.50800101e-01  2.31640216e-02
   1.54773110e-02  8.22173715e-01  2.52569989e-02  1.94325423e-02
   8.22265644e-01  3.57335499e-01 -3.06979778e-02  2.99108244e-01
  -5.37885628e-03  1.40222459e-02 -3.67439863e-02  2.22286256e-03
   7.25308607e-04 -4.48075678e-02]], Action: [[1.         0.85883546 1.         1.         1.         1.        ]], Reward: [1.3443974],Reward_sum: 49.202030181884766, Done: [False]
==========
t: 39, State: [[ 8.79110004e-02  1.19999007e+00  1.53241996e-01  2.31251955e-02
   1.55764934e-02  8.21923254e-01  2.52727314e-02  1.94366262e-02
   8.21958761e-01  3.71955592e-01 -3.74004908e-02  3.11421146e-01
  -4.34122018e-03  1.08608425e-02 -2.64178192e-02  1.72405047e-03
   3.41561350e-04 -3.25245354e-02]], Action: [[1.         0.85801375 1.         1.         1.         1.        ]], Reward: [1.3588828],Reward_sum: 50.5609130859375, Done: [False]
==========
t: 40, State: [[ 9.09460945e-02  1.19966652e+00  1.55783191e-01  2.30946591e-02
   1.56508605e-02  8.21743582e-01  2.52844576e-02  1.94383768e-02
   8.21736613e-01  3.86881154e-01 -4.33603126e-02  3.23945064e-01
  -3.33338712e-03  7.87427609e-03 -1.89088402e-02  1.23302824e-03
   1.22851371e-04 -2.34822275e-02]], Action: [[1.         0.85640985 1.         1.         1.         1.        ]], Reward: [1.3736533],Reward_sum: 51.934566497802734, Done: [False]
==========
t: 41, State: [[ 9.41019139e-02  1.19929833e+00  1.58425416e-01  2.30718563e-02
   1.57021650e-02  8.21615270e-01  2.52923168e-02  1.94386730e-02
   8.21576468e-01  4.02143130e-01 -4.85722329e-02  3.36691468e-01
  -2.42326387e-03  5.13667495e-03 -1.34713171e-02  7.66352607e-04
  -3.03299770e-05 -1.69062377e-02]], Action: [[1.         0.85416603 1.         1.         1.         1.        ]], Reward: [1.3887478],Reward_sum: 53.32331466674805, Done: [False]
==========
t: 42, State: [[ 9.73812085e-02  1.19889110e+00  1.61170535e-01  2.30558847e-02
   1.57325842e-02  8.21524126e-01  2.52965518e-02  1.94378334e-02
   8.21461211e-01  4.17752600e-01 -5.31429962e-02  3.49679400e-01
  -1.63396971e-03  2.68294199e-03 -9.53758104e-03  3.33694142e-04
  -1.63041684e-04 -1.21663404e-02]], Action: [[1.         0.85139525 1.         1.         1.         1.        ]], Reward: [1.404187],Reward_sum: 54.727500915527344, Done: [False]
==========
t: 43, State: [[ 1.00786752e-01  1.19844932e+00  1.64020553e-01  2.30457659e-02
   1.57444481e-02  8.21459879e-01  2.52974583e-02  1.94359511e-02
   8.21378225e-01  4.33705650e-01 -5.72431994e-02  3.62925279e-01
  -9.64580288e-04  5.19360383e-04 -6.68927676e-03 -6.06597464e-05
  -2.89906325e-04 -8.76611332e-03]], Action: [[1.        0.8481895 1.        1.        1.        1.       ]], Reward: [1.4199735],Reward_sum: 56.14747619628906, Done: [False]
==========
t: 44, State: [[ 1.04321248e-01  1.19797597e+00  1.66977590e-01  2.30405765e-02
   1.57400601e-02  8.21415124e-01  2.52953540e-02  1.94330658e-02
   8.21318374e-01  4.49989979e-01 -6.10666683e-02  3.76441255e-01
  -4.04225220e-04 -1.36475284e-03 -4.62325945e-03 -4.15051175e-04
  -4.11793842e-04 -6.32829183e-03]], Action: [[1.        0.8446288 1.        1.        1.        1.       ]], Reward: [1.4360987],Reward_sum: 57.58357620239258, Done: [False]
==========
t: 45, State: [[ 1.07987294e-01  1.19747255e+00  1.70043849e-01  2.30394943e-02
   1.57215945e-02  8.21384520e-01  2.52905638e-02  1.94292305e-02
   8.21275127e-01  4.66592304e-01 -6.47901080e-02  3.90236336e-01
   6.07389668e-05 -2.98937979e-03 -3.12225022e-03 -7.29146979e-04
  -5.25491973e-04 -4.57614188e-03]], Action: [[1.        0.8407808 1.        1.        1.        1.       ]], Reward: [1.4525489],Reward_sum: 59.03612518310547, Done: [False]
==========
t: 46, State: [[ 1.11787393e-01  1.19693926e+00  1.73221597e-01  2.30418070e-02
   1.56910464e-02  8.21364198e-01  2.52834107e-02  1.94245261e-02
   8.21243836e-01  4.83502903e-01 -6.85522223e-02  4.04318121e-01
   4.43642799e-04 -4.37813838e-03 -2.03184183e-03 -1.00354131e-03
  -6.27594042e-04 -3.31110309e-03]], Action: [[1.         0.83670604 1.         1.         1.         1.        ]], Reward: [1.4693123],Reward_sum: 60.505435943603516, Done: [False]
==========
t: 47, State: [[ 1.15723990e-01  1.19637538e+00  1.76513160e-01  2.30469034e-02
   1.56502171e-02  8.21351339e-01  2.52742103e-02  1.94190552e-02
   8.21221201e-01  5.00717010e-01 -7.24521428e-02  4.18693972e-01
   7.56211381e-04 -5.55518669e-03 -1.24145345e-03 -1.23943505e-03
  -7.16163507e-04 -2.39304272e-03]], Action: [[1.         0.83245724 1.         1.         1.         1.        ]], Reward: [1.4863815],Reward_sum: 61.99181365966797, Done: [False]
==========
t: 48, State: [[ 1.19799510e-01  1.19577952e+00  1.79920926e-01  2.30542586e-02
   1.56007182e-02  8.21343880e-01  2.52632665e-02  1.94129296e-02
   8.21204860e-01  5.18234714e-01 -7.65551679e-02  4.33371749e-01
   1.00828467e-03 -6.54318361e-03 -6.71085523e-04 -1.43843943e-03
  -7.90752107e-04 -1.72369652e-03]], Action: [[1.        0.8280822 1.        1.        1.        1.       ]], Reward: [1.5037543],Reward_sum: 63.495567321777344, Done: [False]
==========
t: 49, State: [[ 1.24016397e-01  1.19514988e+00  1.83447345e-01  2.30634202e-02
   1.55439876e-02  8.21340306e-01  2.52508686e-02  1.94062603e-02
   8.21193116e-01  5.36060046e-01 -8.09012155e-02  4.48359949e-01
   1.20810189e-03 -7.36271230e-03 -2.62243542e-04 -1.60254772e-03
  -8.51933902e-04 -1.23396988e-03]], Action: [[1.        0.8236235 1.        1.        1.        1.       ]], Reward: [1.5214325],Reward_sum: 65.01699829101562, Done: [False]
==========
t: 50, State: [[ 1.28377139e-01  1.19448443e+00  1.87094939e-01  2.30739967e-02
   1.54813058e-02  8.21339504e-01  2.52372885e-02  1.93991509e-02
   8.21184741e-01  5.54199818e-01 -8.55133761e-02  4.63667596e-01
   1.36264646e-03 -8.03217512e-03  2.82208647e-05 -1.73407922e-03
  -9.00797946e-04 -8.74780656e-04]], Action: [[1.         0.81911904 1.         1.         1.         1.        ]], Reward: [1.5394218],Reward_sum: 66.5564193725586, Done: [False]
==========
t: 51, State: [[ 1.32884285e-01  1.19378096e+00  1.90866304e-01  2.30856484e-02
   1.54138146e-02  8.21340662e-01  2.52227782e-02  1.93916960e-02
   8.21178838e-01  5.72662519e-01 -9.04051012e-02  4.79304075e-01
   1.47789642e-03 -8.56777369e-03  2.32273965e-04 -1.83556176e-03
  -9.38555123e-04 -6.10727348e-04]], Action: [[1.         0.81460345 1.         1.         1.         1.        ]], Reward: [1.5577297],Reward_sum: 68.11415100097656, Done: [False]
==========
t: 52, State: [[ 1.37540456e-01  1.19303722e+00  1.94764111e-01  2.30980806e-02
   1.53425332e-02  8.21343188e-01  2.52075690e-02  1.93839803e-02
   8.21174757e-01  5.91457432e-01 -9.55854807e-02  4.95278908e-01
   1.55904969e-03 -8.98380410e-03  3.73581770e-04 -1.90964699e-03
  -9.66328331e-04 -4.15855332e-04]], Action: [[1.         0.81010777 1.         1.         1.         1.        ]], Reward: [1.5763651],Reward_sum: 69.69051361083984, Done: [False]
==========
t: 53, State: [[ 1.42348348e-01  1.19225085e+00  1.98791105e-01  2.31110373e-02
   1.52683730e-02  8.21346652e-01  2.51918707e-02  1.93760804e-02
   8.21172024e-01  6.10594027e-01 -1.01062669e-01  5.11601651e-01
   1.61063049e-03 -9.29278432e-03  4.69552534e-04 -1.95898858e-03
  -9.85060033e-04 -2.70875677e-04]], Action: [[1.         0.80566055 1.         1.         1.         1.        ]], Reward: [1.5953374],Reward_sum: 71.28585052490234, Done: [False]
==========
t: 54, State: [[ 1.47310733e-01  1.19141944e+00  2.02950110e-01  2.31242965e-02
   1.51921514e-02  8.21350744e-01  2.51758722e-02  1.93680660e-02
   8.21170301e-01  6.30081592e-01 -1.06845809e-01  5.28281824e-01
   1.63657650e-03 -9.50566545e-03  5.32854971e-04 -1.98615614e-03
  -9.95513606e-04 -1.61340766e-04]], Action: [[1.       0.801288 1.       1.       1.       1.      ]], Reward: [1.614656],Reward_sum: 72.90050506591797, Done: [False]
==========
t: 55, State: [[ 1.52430453e-01  1.19054051e+00  2.07244025e-01  2.31376661e-02
   1.51146022e-02  8.21355242e-01  2.51597419e-02  1.93600010e-02
   8.21169350e-01  6.49929041e-01 -1.12945902e-01  5.45328857e-01
   1.64034827e-03 -9.63219933e-03  5.72588580e-04 -1.99361174e-03
  -9.98332088e-04 -7.64221614e-05]], Action: [[1.        0.7970136 1.        1.        1.        1.       ]], Reward: [1.6343299],Reward_sum: 74.53484344482422, Done: [False]
==========
t: 56, State: [[ 1.57710424e-01  1.18961147e+00  2.11675824e-01  2.31509795e-02
   1.50363868e-02  8.21359984e-01  2.51436294e-02  1.93519448e-02
   8.21169008e-01  6.70144876e-01 -1.19376037e-01  5.62752223e-01
   1.62490578e-03 -9.68080354e-03  5.95169036e-04 -1.98360702e-03
  -9.94061661e-04 -8.04700009e-06]], Action: [[1.         0.79285973 1.         1.         1.         1.        ]], Reward: [1.6543677],Reward_sum: 76.189208984375, Done: [False]
==========
t: 57, State: [[ 1.63153625e-01  1.18862961e+00  2.16248557e-01  2.31640925e-02
   1.49581020e-02  8.21364851e-01  2.51276668e-02  1.93439524e-02
   8.21169168e-01  6.90737174e-01 -1.26151270e-01  5.80561405e-01
   1.59284533e-03 -9.65902565e-03  6.05055062e-04 -1.95823381e-03
  -9.83223142e-04  4.97323679e-05]], Action: [[1.         0.78884625 1.         1.         1.         1.        ]], Reward: [1.6747779],Reward_sum: 77.86398315429688, Done: [False]
==========
t: 58, State: [[ 1.68763100e-01  1.18759212e+00  2.20965349e-01  2.31768802e-02
   1.48802876e-02  8.21369754e-01  2.51119701e-02  1.93360747e-02
   8.21169763e-01  7.11713641e-01 -1.33288381e-01  5.98766007e-01
   1.54641035e-03 -9.57351252e-03  6.05283044e-04 -1.91939085e-03
  -9.66326160e-04  1.01231225e-04]], Action: [[1.        0.7849917 1.        1.        1.        1.       ]], Reward: [1.6955681],Reward_sum: 79.55955505371094, Done: [False]
==========
t: 59, State: [[ 1.74541950e-01  1.18649602e+00  2.25829405e-01  2.31892350e-02
   1.48034327e-02  8.21374625e-01  2.50966408e-02  1.93283582e-02
   8.21170755e-01  7.33081631e-01 -1.40805620e-01  6.17375766e-01
   1.48759001e-03 -9.43030182e-03  5.97892676e-04 -1.86883300e-03
  -9.43899500e-04  1.49519331e-04]], Action: [[1.         0.78131235 1.         1.         1.         1.        ]], Reward: [1.7167459],Reward_sum: 81.27629852294922, Done: [False]
==========
t: 60, State: [[ 1.80493339e-01  1.18533820e+00  2.30844006e-01  2.32010639e-02
   1.47279802e-02  8.21379407e-01  2.50817668e-02  1.93208454e-02
   8.21172130e-01  7.54848202e-01 -1.48722497e-01  6.36400664e-01
   1.41811463e-03 -9.23471501e-03  5.84222230e-04 -1.80814455e-03
  -9.16475558e-04  1.96735326e-04]], Action: [[1.        0.7778237 1.        1.        1.        1.       ]], Reward: [1.7383186],Reward_sum: 83.01461791992188, Done: [False]
==========
t: 61, State: [[ 1.86620480e-01  1.18411538e+00  2.36012513e-01  2.32122876e-02
   1.46543310e-02  8.21384056e-01  2.50674235e-02  1.93135743e-02
   8.21173883e-01  7.77020083e-01 -1.57059633e-01  6.55850808e-01
   1.33962723e-03 -8.99193781e-03  5.65160166e-04 -1.73886602e-03
  -8.84632765e-04  2.44325845e-04]], Action: [[1.        0.7745378 1.        1.        1.        1.       ]], Reward: [1.7602928],Reward_sum: 84.77490997314453, Done: [False]
==========
t: 62, State: [[ 1.92926644e-01  1.18282410e+00  2.41338372e-01  2.32228396e-02
   1.45828453e-02  8.21388529e-01  2.50536742e-02  1.93065781e-02
   8.21176023e-01  7.99603700e-01 -1.65838688e-01  6.75736559e-01
   1.25363377e-03 -8.70676706e-03  5.41278260e-04 -1.66244638e-03
  -8.48960768e-04  2.93241615e-04]], Action: [[1.        0.7714658 1.        1.        1.        1.       ]], Reward: [1.7826753],Reward_sum: 86.55758666992188, Done: [False]
==========
t: 63, State: [[ 1.99415148e-01  1.18146075e+00  2.46825110e-01  2.32326653e-02
   1.45138451e-02  8.21392789e-01  2.50405707e-02  1.92998850e-02
   8.21178562e-01  8.22605134e-01 -1.75082325e-01  6.96068460e-01
   1.16160048e-03 -8.38392842e-03  5.12955497e-04 -1.58031565e-03
  -8.10077202e-04  3.44079012e-04]], Action: [[1.         0.76861596 1.         1.         1.         1.        ]], Reward: [1.8054723],Reward_sum: 88.3630599975586, Done: [False]
==========
t: 64, State: [[ 2.06089359e-01  1.18002151e+00  2.52476338e-01  2.32417219e-02
   1.44476138e-02  8.21396803e-01  2.50281531e-02  1.92935183e-02
   8.21181517e-01  8.46030088e-01 -1.84814214e-01  7.16857232e-01
   1.06498797e-03 -8.02817361e-03  4.80450276e-04 -1.49391209e-03
  -7.68627507e-04  3.97185826e-04]], Action: [[1.        0.7659942 1.        1.        1.        1.       ]], Reward: [1.8286896],Reward_sum: 90.1917495727539, Done: [False]
==========
t: 65, State: [[ 2.12952685e-01  1.17850238e+00  2.58295755e-01  2.32499788e-02
   1.43843949e-02  8.21400537e-01  2.50164497e-02  1.92874957e-02
   8.21184908e-01  8.69883827e-01 -1.95059055e-01  7.38113692e-01
   9.65329937e-04 -7.64456619e-03  4.43958986e-04 -1.40474939e-03
  -7.25304877e-04  4.52733066e-04]], Action: [[1.         0.76360273 1.         1.         1.         1.        ]], Reward: [1.8523327],Reward_sum: 92.04408264160156, Done: [False]
==========
t: 66, State: [[ 2.20008576e-01  1.17689916e+00  2.64287146e-01  2.32574181e-02
   1.43243896e-02  8.21403960e-01  2.50054762e-02  1.92818294e-02
   8.21188753e-01  8.94171134e-01 -2.05842624e-01  7.59848778e-01
   8.64221245e-04 -7.23842903e-03  4.03637819e-04 -1.31441026e-03
  -6.80841854e-04  5.10767747e-04]], Action: [[1.         0.76144093 1.         1.         1.         1.        ]], Reward: [1.8764067],Reward_sum: 93.92048645019531, Done: [False]
==========
t: 67, State: [[ 2.27260519e-01  1.17520742e+00  2.70454383e-01  2.32640356e-02
   1.42677529e-02  8.21407043e-01  2.49952346e-02  1.92765251e-02
   8.21193074e-01  9.18896226e-01 -2.17191802e-01  7.82073421e-01
   7.63426928e-04 -6.81576839e-03  3.59643176e-04 -1.22464091e-03
  -6.36047595e-04  5.71240409e-04]], Action: [[1.        0.7595031 1.        1.        1.        1.       ]], Reward: [1.900916],Reward_sum: 95.82140350341797, Done: [False]
==========
t: 68, State: [[ 2.34712030e-01  1.17342253e+00  2.76801426e-01  2.32698421e-02
   1.42145885e-02  8.21409756e-01  2.49857126e-02  1.92715818e-02
   8.21197888e-01  9.44062706e-01 -2.29134635e-01  8.04798579e-01
   6.64846550e-04 -6.38315028e-03  3.12130974e-04 -1.13732818e-03
  -5.91797130e-04  6.34027518e-04]], Action: [[1.        0.7577797 1.        1.        1.        1.       ]], Reward: [1.9258646],Reward_sum: 97.74726867675781, Done: [False]
==========
t: 69, State: [[ 2.42366652e-01  1.17153962e+00  2.83332322e-01  2.32748647e-02
   1.41649422e-02  8.21412074e-01  2.49768811e-02  1.92669908e-02
   8.21203214e-01  9.69673463e-01 -2.41700362e-01  8.28035089e-01
   5.70634497e-04 -5.94818284e-03  2.61289752e-04 -1.05460454e-03
  -5.49076709e-04  6.98935591e-04]], Action: [[1.         0.75625455 1.         1.         1.         1.        ]], Reward: [1.9512558],Reward_sum: 99.69852447509766, Done: [False]
==========
t: 70, State: [[ 2.50227947e-01  1.16955360e+00  2.90051201e-01  2.32791496e-02
   1.41187926e-02  8.21413969e-01  2.49686927e-02  1.92627351e-02
   8.21209067e-01  9.95730598e-01 -2.54919462e-01  8.51793622e-01
   4.83223463e-04 -5.51964025e-03  2.07345463e-04 -9.78878135e-04
  -5.08998305e-04  7.65703756e-04]], Action: [[1.         0.75490487 1.         1.         1.         1.        ]], Reward: [1.977092],Reward_sum: 101.67561340332031, Done: [False]
==========
t: 71, State: [[ 2.58299491e-01  1.16745910e+00  2.96962279e-01  2.32827637e-02
   1.40760418e-02  8.21415419e-01  2.49610794e-02  1.92587879e-02
   8.21215461e-01  1.02223534e+00 -2.68823692e-01  8.76084655e-01
   4.05337875e-04 -5.10754521e-03  1.50565253e-04 -9.12851245e-04
  -4.72809624e-04  8.34003144e-04]], Action: [[1.        0.7537006 1.        1.        1.        1.       ]], Reward: [2.003375],Reward_sum: 103.67899322509766, Done: [False]
==========
t: 72, State: [[ 2.66584302e-01  1.16525124e+00  3.04068581e-01  2.32866882e-02
   1.40378219e-02  8.21367661e-01  2.49533625e-02  1.92547077e-02
   8.21222125e-01  1.04906106e+00 -2.83284943e-01  9.00621204e-01
   5.40771087e-04 -4.46207585e-03 -1.05617374e-02 -1.00305099e-03
  -5.33682732e-04  8.43335774e-04]], Action: [[1.         0.75260246 0.97762483 1.         1.         1.        ]], Reward: [2.0300791],Reward_sum: 105.70907592773438, Done: [False]
==========
t: 73, State: [[ 2.75084397e-01  1.16292610e+00  3.11370534e-01  2.32936798e-02
   1.40054633e-02  8.21147976e-01  2.49433743e-02  1.92492452e-02
   8.21228353e-01  1.07608715e+00 -2.98185641e-01  9.25057931e-01
   1.11828510e-03 -3.73177718e-03 -3.98801004e-02 -1.46161115e-03
  -7.96479446e-04  7.44884161e-04]], Action: [[1.         0.7505336  0.92404157 1.         1.         1.        ]], Reward: [2.0570948],Reward_sum: 107.76617431640625, Done: [False]
==========
t: 74, State: [[ 2.83801982e-01  1.16047928e+00  3.18868428e-01  2.33063994e-02
   1.39767997e-02  8.20668647e-01  2.49284699e-02  1.92411570e-02
   8.21233638e-01  1.10345499e+00 -3.13736165e-01  9.49665683e-01
   1.92843881e-03 -3.51597508e-03 -7.40232062e-02 -2.19978744e-03
  -1.17243039e-03  6.16715552e-04]], Action: [[1.         0.7472652  0.87171966 1.         1.         1.        ]], Reward: [2.08438],Reward_sum: 109.85055541992188, Done: [False]
==========
t: 75, State: [[ 2.92740270e-01  1.15790501e+00  3.26565030e-01  2.33256994e-02
   1.39490111e-02  8.19916229e-01  2.49072400e-02  1.92299344e-02
   8.21237886e-01  1.13127320e+00 -3.30069690e-01  9.74770726e-01
   2.74353286e-03 -3.50747108e-03 -1.07381333e-01 -3.02202292e-03
  -1.57014009e-03  4.90462233e-04]], Action: [[1.         0.74458313 0.81812674 1.         1.         1.        ]], Reward: [2.1120622],Reward_sum: 111.96261596679688, Done: [False]
==========
t: 76, State: [[ 3.01903085e-01  1.15519668e+00  3.34465132e-01  2.33511614e-02
   1.39214061e-02  8.18905912e-01  2.48795379e-02  1.92156113e-02
   8.21241150e-01  1.15959067e+00 -3.47268471e-01  1.00055980e+00
   3.46288067e-03 -3.48415379e-03 -1.38022323e-01 -3.80744192e-03
  -1.94249318e-03  3.74259801e-04]], Action: [[1.        0.7424904 0.7620618 1.        1.        1.       ]], Reward: [2.14022],Reward_sum: 114.10283660888672, Done: [False]
==========
t: 77, State: [[ 3.11292996e-01  1.15234759e+00  3.42559825e-01  2.33620934e-02
   1.39001957e-02  8.17662432e-01  2.48330389e-02  1.91935653e-02
   8.21243013e-01  1.18809199e+00 -3.65287431e-01  1.02389276e+00
  -2.55711976e-04 -2.12882617e-03 -1.65345402e-01 -7.29329018e-03
  -3.36055799e-03  1.42799670e-04]], Action: [[0.9781378 0.7406856 0.7031022 1.        1.        1.       ]], Reward: [2.168739],Reward_sum: 116.27157592773438, Done: [False]
==========
t: 78, State: [[ 3.20911725e-01  1.14935089e+00  3.50830910e-01  2.33227629e-02
   1.38988330e-02  8.16212950e-01  2.47474945e-02  1.91556177e-02
   8.21242378e-01  1.21683705e+00 -3.84200997e-01  1.04516211e+00
  -8.36025950e-03  1.13827663e-03 -1.89286787e-01 -1.31145312e-02
  -5.75962516e-03 -2.40929884e-04]], Action: [[0.9430948 0.7421165 0.6417332 1.        1.        1.       ]], Reward: [2.197489],Reward_sum: 118.46906280517578, Done: [False]
==========
t: 79, State: [[ 3.30762230e-01  1.14619888e+00  3.59272502e-01  2.32122825e-02
   1.39284276e-02  8.14583285e-01  2.46136123e-02  1.90973368e-02
   8.21238276e-01  1.24605077e+00 -4.04131779e-01  1.06675322e+00
  -1.76556096e-02  5.36881364e-03 -2.10196770e-01 -1.91738737e-02
  -8.36021398e-03 -7.10164796e-04]], Action: [[0.90824753 0.7457606  0.5781067  1.         1.         1.        ]], Reward: [2.2265978],Reward_sum: 120.6956558227539, Done: [False]
==========
t: 80, State: [[ 3.40848468e-01  1.14288320e+00  3.67891209e-01  2.30284790e-02
   1.39918359e-02  8.12795824e-01  2.44330155e-02  1.90186100e-02
   8.21230262e-01  1.27577640e+00 -4.25137619e-01  1.08955457e+00
  -2.65134014e-02  9.48580471e-03 -2.28555615e-01 -2.47011203e-02
  -1.08253492e-02 -1.20563773e-03]], Action: [[0.87314457 0.7489949  0.51217747 1.         1.         1.        ]], Reward: [2.256194],Reward_sum: 122.95185089111328, Done: [False]
==========
t: 81, State: [[ 0.35117455  1.13939505  0.3766984   0.02277853  0.01408516  0.81086946
   0.02421135  0.01892125  0.82121832  1.30601289 -0.44726475  1.11392299
  -0.03414357  0.01284088 -0.24475679 -0.02940905 -0.01299531 -0.00168099]], Action: [[0.83814317 0.7511207  0.44417542 1.         1.         1.        ]], Reward: [2.2862957],Reward_sum: 125.23814392089844, Done: [False]
==========
t: 82, State: [[ 0.3617445   1.13572528  0.38570724  0.02247385  0.01420084  0.80882022
   0.02395559  0.01880796  0.82120275  1.33674473 -0.47055835  1.13997584
  -0.04022807  0.01513546 -0.25912212 -0.03322605 -0.01480398 -0.00210554]], Action: [[0.8036675  0.7518544  0.37431306 1.         1.         1.        ]], Reward: [2.3168926],Reward_sum: 127.55503845214844, Done: [False]
==========
t: 83, State: [[ 0.37256091  1.1318654   0.39492856  0.02212623  0.01432911  0.80666093
   0.02367449  0.01868441  0.82108291  1.36765454 -0.49483845  1.16707308
  -0.04496223  0.01610381 -0.27209775 -0.03580717 -0.01569838 -0.02456034]], Action: [[0.7700962  0.7510115  0.30276138 1.         1.         0.95349884]], Reward: [2.347893],Reward_sum: 129.90293884277344, Done: [False]
==========
t: 84, State: [[ 0.38362547  1.12780686  0.40437059  0.02174805  0.01445473  0.80440567
   0.02337602  0.01855498  0.82074861  1.3988096  -0.52025809  1.19519369
  -0.04802173  0.01477037 -0.28307572 -0.03760828 -0.01632494 -0.05411598]], Action: [[0.7381883  0.7438115  0.23106182 1.         1.         0.9083147 ]], Reward: [2.3790936],Reward_sum: 132.2820281982422, Done: [False]
==========
t: 85, State: [[ 0.39493379  1.12352592  0.41404003  0.02135449  0.01456109  0.80206033
   0.02306476  0.01842347  0.82018234  1.42744838 -0.55279255  1.22335367
  -0.04864819  0.01134414 -0.29568732 -0.03934321 -0.01590844 -0.08053567]], Action: [[0.7086627  0.7343935  0.15793246 1.         1.         0.86315554]], Reward: [2.409729],Reward_sum: 134.69175720214844, Done: [False]
==========
t: 86, State: [[ 0.40648763  1.11900705  0.42395252  0.02096043  0.01463822  0.79964767
   0.02274989  0.01829242  0.81939242  1.4611957  -0.57771664  1.25630586
  -0.04866897  0.00786883 -0.29931206 -0.03848121 -0.01652392 -0.11047961]], Action: [[0.68621826 0.725528   0.09001354 1.         1.         0.8156537 ]], Reward: [2.4405596],Reward_sum: 137.13232421875, Done: [False]
==========
t: 87, State: [[ 0.41829938  1.11425672  0.4341273   0.02056855  0.01467934  0.79701583
   0.0224394   0.0181616   0.81839118  1.49253986 -0.60944149  1.28909943
  -0.04822173  0.00272409 -0.34012445 -0.03817853 -0.0161585  -0.13403962]], Action: [[0.65824443 0.71033394 0.007508   1.         1.         0.7661572 ]], Reward: [2.4729428],Reward_sum: 139.60525512695312, Done: [False]
==========
t: 88, State: [[ 0.43035746  1.10926581  0.444576    0.02016425  0.01469853  0.79096615
   0.02214937  0.01803553  0.81720096  1.52130386 -0.64360612  1.3289336
  -0.05570598 -0.00163585 -1.29263088 -0.03007756 -0.01273892 -0.15391025]], Action: [[ 0.62973773  0.6956444  -0.06358617  1.          1.          0.7131286 ]], Reward: [2.503867],Reward_sum: 142.10911560058594, Done: [False]
==========
t: 89, State: [[ 0.44263999  1.10396714  0.45528373  0.01943005  0.01474002  0.7754789
   0.02186022  0.01792357  0.81578957  1.54992626 -0.68100493  1.35303905
  -0.11906407  0.00957805 -2.57381538 -0.03797481 -0.01424352 -0.18970586]], Action: [[ 0.385611    0.7303778  -0.07301133  1.          1.          0.6190471 ]], Reward: [2.5322459],Reward_sum: 144.641357421875, Done: [False]
==========
t: 90, State: [[ 0.45517127  1.09839658  0.46622984  0.01803684  0.01508534  0.74588974
   0.02155036  0.01781011  0.81387749  1.58291904 -0.71188467  1.38829274
  -0.21483457  0.06707569 -4.80813227 -0.03531111 -0.01321149 -0.27164711]], Action: [[ 0.14770961  0.92586887 -0.14446825  1.          1.          0.4445517 ]], Reward: [2.5633123],Reward_sum: 147.2046661376953, Done: [False]
==========
